0,1,2,3,4,5,6,7,8,9,10,11,12,13,14,15,16,17,18,19,20,21,22,23,24,25,26,27,28,29,30,31
0.0176235929142412,0.020650401963094617,0.015724424833498965,0.015068905546775542,0.01842346873379302,0.017904631760412536,0.014258111882365589,0.014579677077209282,0.013457822754244553,0.0145593218187162,0.014231075222243154,0.01943792654634394,0.02532516155931287,0.030789809683255596,0.02834660783589536,0.02323877289424132,0.019741016143288635,0.018178483413269303,0.022282345308779747,0.026832825236582248,0.025101392183042907,0.017067748421279085,0.01654888294783964,0.021704083357119378,0.01647235866151996,0.013784839981732955,0.014892560146399277,0.014939216939710119,0.01637147899875537,0.018608817084383535,0.019949492235425827,0.016191105635209934
0.019414475883164823,0.020311371160139036,0.025052202664078125,0.027898260831613494,0.051626468037784846,0.019206182797594274,0.025554809422256467,0.0379872981303668,0.03221268273006393,0.028170713066598543,0.024668008920031174,0.015433340163596682,0.030187622982014755,0.039941164873872254,0.03156058737160539,0.03519356384281375,0.03542979729813373,0.03388765270926021,0.0226993061202611,0.02210631969090137,0.02361197679613584,0.018895263371723824,0.015921185913978182,0.014182133523642403,0.023003979599859826,0.028700801888043713,0.025859810742650095,0.01463087347389876,0.015790706054203414,0.02687790300435685,0.028368563727490238,0.02123219537697419
0.013084427747458605,0.03207290599607988,0.023470373111551413,0.01983361125151564,0.01529673831228297,0.010507470148117828,0.008896667992051598,0.011604353309693031,0.011132116234746798,0.02277838756809669,0.012751882885128714,0.014584740802227937,0.012625722459199098,0.022730342618254813,0.021446593143483274,0.020734194189724803,0.017989112951606878,0.015121802938351985,0.013167843614874082,0.012463266836515293,0.01019390939641699,0.011784287464632219,0.009907881516314202,0.010028309997164041,0.01852972122052451,0.019690576969497307,0.016814156017119226,0.008377427167107166,0.012194060053644103,0.024515509061706596,0.03263352277240323,0.01617922700659796
0.012456604882866889,0.019822766174978915,0.013368664260707964,0.018170436781787237,0.02524586216783482,0.02643220888587557,0.026218790323660063,0.012140623501707925,0.01867137413105343,0.01768850968612028,0.02437025242848929,0.028760235213206548,0.020518221109455944,0.018717409574973604,0.012637227468464993,0.017054112226523508,0.01816774696350866,0.021707118344423976,0.01373381733450943,0.01502852668468866,0.021876832686848098,0.02237668069897551,0.01981351234070265,0.02020307607003437,0.015890296615248288,0.015212220237645523,0.018774266441523486,0.018248726623575278,0.023945061953979923,0.021632930210549878,0.015296389055824663,0.015085221175280793
0.018845399825363835,0.018185562631609316,0.019247522203181242,0.01962654307734345,0.02020255113259558,0.0247031532705701,0.03491233363742897,0.017212165501462373,0.022805576915378486,0.018033439302495714,0.01692356149703963,0.018000057919888582,0.017096987932158275,0.012736441150228872,0.018143386270798145,0.015889438529955016,0.01175717172644353,0.010459024494702337,0.01889829856830619,0.022799152495925637,0.015058383873019655,0.009006747768930005,0.009264447428239238,0.011222221806433447,0.013794487124505945,0.017830464790633032,0.0171373084506014,0.019284262781592693,0.0181359762550559,0.02277380568626612,0.012049748280603132,0.012344976153687941
0.019417308816630775,0.01766979096258711,0.022151333257134816,0.028070148906262776,0.022311548165338483,0.02139911205992958,0.018288000257196433,0.02862466908092219,0.022688886087365884,0.021138090835812043,0.02251252782850188,0.016116530469014047,0.0183682527001457,0.016751152315834475,0.012249995514201823,0.016645623673632506,0.016091982621351593,0.01635434032890728,0.014510060720408448,0.020988301380133755,0.022128903624875303,0.02552434889271453,0.022057640906152826,0.018291455560499523,0.01733314068324663,0.01834479170187824,0.020942328706353108,0.021259833502182322,0.022166078259703702,0.024819917538565262,0.02703038307548364,0.017634570919201346
0.014233437401003345,0.010109272643448582,0.0060250904222971585,0.008710860739172011,0.014918644284914438,0.012494884359224589,0.009229452948391084,0.009830244445672508,0.02503947572915536,0.013159403731031347,0.012058019490217406,0.014138627438374265,0.015853145750024104,0.016667380249387305,0.019798337125291273,0.017563249890193297,0.021195071768678807,0.017148298093028057,0.013605822810153333,0.013407172115534433,0.016406224326533915,0.01585495242438775,0.016160129335829134,0.016657320474047173,0.016735915411992354,0.024670284290388447,0.015046495868813523,0.009665254630828837,0.01320915652524888,0.012725171523400653,0.018764574103781382,0.015707411292331202
0.01389490859518904,0.01088480008343717,0.009328784872017742,0.01007892917358058,0.015459086521804848,0.012649928531108634,0.013442972371633149,0.018802544089944164,0.023682046889117552,0.02806072077370705,0.01027811544702055,0.010601355991770072,0.012359328526635426,0.014111631183114341,0.02061581203696357,0.01803816037737232,0.015489311839815834,0.013820596265637669,0.017175057762715402,0.012824436261253567,0.011910464690873259,0.013498767446281998,0.011735652606786539,0.013732471794267466,0.017964525195415252,0.016989521401906096,0.018663355627220424,0.011808625504233158,0.010581639537940595,0.014507824130947635,0.01640904957733203,0.014474469215873512
0.01335652747959036,0.014668377472687635,0.016371927237019576,0.017163003713554947,0.021231623827751803,0.017489035623420784,0.013764712512791336,0.011060689464522704,0.01229585099624379,0.00816175267903267,0.007100186162825238,0.010159123912845635,0.009288351529615135,0.005557637325524813,0.009471153057583719,0.014131768372958329,0.015055769129843183,0.014529409104641568,0.013714264211808389,0.014077089841628618,0.019439873932584527,0.01494590476323435,0.015927164534814423,0.012135240488676298,0.007707894195343783,0.009532136992533262,0.012059072454227205,0.01270174969906374,0.015539494562995321,0.017307260384457217,0.014280005495952815,0.018377126716996782
0.02386291520424468,0.013066729618599698,0.01605197419942342,0.01861105057708955,0.023412416529604376,0.022123728986183696,0.015981571630087996,0.013924409572158675,0.016755891058352592,0.01235818500298338,0.02527568297476845,0.022995081810802665,0.02247846417997636,0.015548133771761338,0.011464724140999128,0.016721665559322457,0.016220222321748176,0.015517280633902555,0.01267059240805834,0.007673656993863361,0.00882595518764304,0.01233609472412245,0.012073495146914985,0.020346857706967824,0.017671999166851752,0.01625528250822565,0.016555447674419996,0.014769797096393145,0.015854897974219927,0.016588817530083417,0.01732582133977383,0.019758960767810793
0.015605629527762585,0.0156006708061224,0.009633243809213621,0.012623269567486902,0.020319162641879145,0.023463682461034342,0.022239595308427576,0.017518123939582558,0.021519238259486765,0.014039280297627438,0.01749713002430211,0.019479798681110584,0.012655664262107182,0.020859028742649135,0.019668994298670455,0.019372083920744437,0.017811416689084095,0.021378212338900644,0.023226454325143153,0.020936096938345083,0.02230802785623679,0.030264055710445197,0.027131923973224708,0.022581547447494896,0.013871599594493465,0.02409038712618274,0.02179299970128416,0.02709779942514253,0.02056903262698663,0.027290996249955103,0.023410751707010485,0.011752540114219005
0.01626919040499703,0.017271284362918797,0.015590829375759735,0.018076152032131282,0.010314793532940252,0.018268581302181217,0.02012712397132829,0.015755344400953008,0.025832655727371555,0.02214189324066754,0.021510307145458044,0.016756518149750488,0.011771568854847378,0.010669552023984783,0.017832590536708114,0.018358364059703963,0.018771698695173467,0.020404640166196145,0.0265908549321969,0.03110874746883133,0.029721401645685732,0.01896758868426908,0.018908041897080827,0.02068733836045165,0.03261325357122909,0.02884683409865502,0.021431718619218852,0.02162946090712997,0.019538879882319848,0.016473512651036214,0.015687299693700155,0.011554686385810076
0.011464521749330553,0.029349301033330336,0.024418206656616325,0.03114732825370641,0.023474566863100045,0.020268456417804274,0.019106564026303965,0.014771543254173519,0.01778878087148889,0.013099989702386914,0.009407048056013516,0.010446154468093098,0.009285213192134581,0.013671484247265005,0.014273418893154482,0.015024487471034433,0.01201226379249615,0.011999567620535332,0.015203605619751077,0.01745436987774159,0.017098739347397147,0.014757818821593448,0.014915092191257587,0.013663330420955409,0.012424786417086109,0.017661912776363094,0.01616291506548934,0.019731198648373485,0.023333480188400348,0.011871523174050342,0.011645782574556783,0.022756975869352842
0.033365309927653346,0.032312595121119524,0.014640002539036292,0.02253147794248704,0.037625071056819816,0.03452693865503011,0.03466575905933189,0.020797349049493315,0.014829006864050424,0.021802461254827044,0.025264990804648724,0.02296538401557015,0.017925158095391663,0.01128157825146337,0.014379421352694915,0.016857529332671366,0.01813088965096199,0.018756230334772254,0.019892049764482913,0.019060025509169146,0.016734370557998295,0.020393903250543036,0.02385865764113352,0.03817479721445837,0.030923700997644476,0.027556940587348318,0.031608837317466484,0.04617290697415176,0.031505664734544726,0.03471718230441042,0.026955722665237273,0.01979757778073333
0.02258192104287682,0.03130165900728809,0.029788958162252344,0.025339941619776603,0.010985288348568331,0.01965317115753862,0.01927346837560945,0.03034264426631694,0.02796061213096845,0.018036949711108242,0.025452491676470908,0.023075489799850597,0.02137488885079194,0.011901875206078529,0.009606170769791637,0.010463804353781496,0.015142856095112803,0.01529157474957208,0.01008184394807695,0.0150808118709479,0.019466248588018837,0.02202479934671498,0.023517143020583425,0.027355842396614816,0.020175791013040095,0.01934178861319289,0.021087816778459566,0.027954032884524253,0.025336785085801887,0.03007365380799368,0.03075482282139737,0.02494270574982744
0.019085635319898035,0.01876735194626451,0.027182915485152136,0.021350606824842893,0.016487988004405853,0.015979991460630522,0.013428337479500623,0.027683455609418747,0.0171129805890231,0.0262196179977026,0.029305185664420978,0.026399688913575588,0.029199887205612337,0.02394143431023107,0.017999684461982475,0.027421170337576274,0.028618965295146785,0.025647251935328973,0.02671992183280287,0.023064554263857766,0.021701511636553032,0.023384674909732443,0.025360162696481447,0.013826666301934864,0.018742067229528477,0.025737122558310364,0.02089887587628978,0.01673323392319106,0.013762875249338787,0.014535651852647226,0.031089104621710238,0.029650583013933023
0.009971046115329951,0.023049881586628955,0.02294607861331331,0.03311644766854382,0.034158737728889825,0.01629872331259416,0.013590861038160118,0.018305938311216456,0.016274254469046203,0.016486050926336617,0.022726489885899342,0.018025227779288236,0.02222359542435626,0.021710310467515304,0.01695864670432787,0.014525587539209909,0.01632964272545033,0.013508744632862323,0.01941291919275328,0.023088915584488365,0.018336875901044603,0.014753809458989818,0.016141411671313607,0.012295367165737724,0.013044784795250314,0.017554802484281515,0.011219398007453583,0.012756944125296654,0.019094987193362754,0.016318680886341256,0.01767206828829621,0.017200182958395455
0.012385949530639302,0.02049001100163149,0.020399006708141227,0.013413034318094486,0.017657888604839765,0.01245068775564589,0.014163918825077757,0.012589473385040543,0.01348027995965862,0.015580751887406895,0.016111496538912598,0.018742610366309618,0.019567138090396737,0.02164410698380493,0.016008026502726123,0.012273894984562817,0.008697795114943901,0.009489977438907969,0.011285947226902654,0.010569351803173348,0.00977822531557579,0.01293309401747374,0.014720587969093611,0.012188217409517373,0.013479602758703215,0.019350650376901687,0.016259631460121507,0.019494538712592602,0.012011010337176496,0.014899896926279094,0.017019804500426314,0.02261091497929912
0.01419198030622996,0.03797555761448684,0.03143373691215665,0.025539564257217966,0.016719480369954673,0.021249178501471885,0.026470998703187008,0.015361278066531467,0.013073409526026984,0.007574483055728006,0.015962372361974408,0.01818756664865399,0.018708543563660415,0.01841865019257223,0.026706481465483756,0.024497236260350445,0.024740665932898174,0.02124939448750262,0.01690902823100587,0.01741791432129524,0.016767258694435544,0.01748066385118469,0.016336853937796453,0.012806834386111344,0.010925825139746808,0.012723961448154273,0.010656348860191782,0.019393801954000082,0.02574990233052701,0.020576712888815126,0.024753357573847792,0.0335180888026177
0.01542046827240197,0.016399639057135214,0.007588394893286317,0.006346671831553642,0.017327489991565817,0.016809115642959806,0.01232990752501211,0.00855328720530349,0.015004664032722199,0.01710677275145949,0.007606490087386315,0.014118855464902548,0.014599076281665539,0.017380527773722735,0.011561113198672009,0.023132022276047142,0.014575663140335341,0.014736006082742933,0.01619267991830802,0.014739563200194225,0.011937745738122976,0.01621773469893153,0.014792711217316356,0.011473066126679745,0.01619698150754519,0.01163431096344188,0.0108643897103759,0.012799954303517602,0.015029171678887187,0.019259976848506465,0.01606948296654401,0.008027034045673679
0.01584699752178305,0.010988456477482672,0.006795639911865746,0.006838193989835895,0.014437228401320236,0.013069258393779336,0.01242214222199271,0.010835087922794374,0.013031404729211908,0.019723545693879803,0.020646453742897593,0.026589583713368763,0.029523414624635435,0.01533808293238792,0.011930011552029642,0.013457526535393702,0.017725208597679853,0.01751719033482097,0.011236527611132599,0.010844319084411453,0.019599454515338458,0.022979629937076747,0.022837161530577774,0.017358523590246512,0.01302430624988137,0.019714558209307537,0.01747750270598756,0.020149229830861565,0.016181514514027783,0.011088315320689941,0.01019788044153574,0.006979639693121649
0.017291679118683012,0.023968354640786886,0.018295464652966047,0.014271930929173369,0.01050078761304513,0.017439994410402768,0.01722685737348505,0.01405817318137248,0.012485698951184773,0.010402512762080197,0.01794554881292979,0.015410704999762263,0.015439825053492536,0.008769151717624891,0.013432217380363388,0.013186525805706421,0.01169719675584988,0.010730611765141201,0.014348425932518732,0.014767185293095385,0.011336856493532574,0.01593003491547591,0.014050584481740559,0.014010008286852973,0.02132415321987096,0.026966142364168454,0.02186474754541974,0.021370257712912982,0.01776597939148633,0.018656495125555776,0.018891519008195898,0.014372983164981536
0.01658107463741473,0.024499150467762004,0.024943727022980443,0.023425627165429362,0.016267467560090745,0.03186352347212925,0.030124565540483268,0.010745833738854384,0.018152495675006184,0.018336173049293535,0.025354670643563452,0.019279753716513602,0.015509611840658936,0.00953901834334666,0.013667198228469247,0.014432500572233886,0.016046446956023395,0.019796134423073354,0.020674511732916952,0.01711028936643133,0.011481667093482629,0.012069724250913023,0.018272828739249115,0.022761430846545742,0.022945524909944243,0.02327556208635846,0.020997526519535566,0.019423284313172175,0.02271285123136625,0.020744793248923435,0.04640556256637067,0.04609812747735079
0.019436305564518933,0.02052045464826206,0.016322461675196714,0.011376786224855415,0.017087879847409955,0.021863771740428615,0.021250552820285862,0.022248428990725322,0.01402956775545429,0.011443342967196964,0.014466767213457873,0.018880668839304286,0.01746356430648115,0.013026993055426747,0.017140804081550328,0.014039918937781799,0.020216975597987324,0.01883709242586448,0.01255460699545272,0.018580912053059492,0.02566578904196865,0.014875070396964929,0.012817312116463404,0.013251208816356582,0.01529543732067088,0.012095997022424846,0.01289285139949189,0.014986252906263726,0.017608615100877675,0.013276552465148991,0.014182345531380825,0.01774523763287898
0.01694216874688049,0.021838678425482486,0.01882425309845655,0.018825821599413414,0.014293851684212312,0.0146582813844621,0.009699359880402368,0.009599807339875959,0.00869005710684971,0.016222824396726985,0.012599005756515201,0.01188550873485162,0.010394871940855425,0.01859641821506759,0.021232000111825713,0.021290472521622545,0.01619212197363859,0.01774867772613528,0.016242026679909184,0.009353258305250937,0.01522463642110413,0.01266181358377193,0.01523826928458763,0.017374589830073832,0.01730111416038212,0.02435857148895326,0.025590593442923998,0.012847330156039125,0.011434028666016834,0.02243179824162039,0.033874925130059935,0.01844428623938138
0.011012575643321209,0.013700822750219919,0.015592997299707971,0.01600131618054634,0.015039179447096918,0.0160747188304287,0.016583581419723267,0.01178507112121718,0.01138665470031252,0.01155150508894256,0.016380404755988842,0.01966877432844538,0.013306701646103905,0.02509831615789906,0.021214951317731462,0.020383687477488033,0.020634499333197845,0.01858593011831213,0.011495119885704464,0.018259613865222884,0.02139034131912377,0.016983756034016497,0.018840292478050857,0.02600318740203265,0.031310675814238124,0.02839339934494611,0.025060560087117795,0.01822659143741907,0.01823985986850529,0.014090151448926024,0.021956684600890827,0.021996691219705572
0.013658929247685653,0.035349716312851415,0.029145439430682613,0.023305711192600678,0.01882065151759064,0.020949646950058437,0.017013226375587064,0.022708940865515063,0.023695183767987075,0.022850408550764926,0.02386298150286318,0.022696069924142626,0.024158796413354198,0.01880988485168037,0.019348165570308124,0.010601917445412137,0.015009799093782111,0.011300744429063739,0.0257260375715581,0.021157523153497875,0.022306519402591197,0.014922719101276056,0.01723522396294015,0.010011886891765786,0.02003330629630589,0.012937348113931655,0.010325719196780393,0.012220333042252252,0.01756953673884476,0.02036479229950375,0.019400831837680675,0.03316314548793554
0.014624208935328302,0.020021756294289338,0.01739430999534659,0.018853443070511573,0.02263118340538277,0.021425064537826048,0.014443161314277713,0.02355135445730794,0.025857525659731154,0.025159572615822464,0.019936643549284455,0.015108547844306867,0.014228332987993683,0.01684588680911971,0.017239611517474968,0.007407954013497607,0.009512939785219632,0.012383792717730687,0.02629992274847322,0.02292394573735512,0.016801449611163734,0.010889964668216965,0.01725364069655047,0.01953469271733992,0.017639423871579792,0.01393611917704872,0.01796058891059938,0.018691935722525446,0.013299074747270068,0.018209490538010763,0.01835957005115702,0.016761436602126725
0.015839231618351993,0.011367162768516601,0.01595476447811731,0.018610739348536548,0.02055274193618183,0.02142070791656616,0.028610018598720754,0.05171487371275793,0.04502442248587955,0.0423360506381775,0.03851881793246912,0.03274867218818737,0.03432584154346153,0.01971875178587339,0.01655901304828028,0.018584659776601627,0.02882515337580079,0.02634485568468036,0.023268816132504918,0.016999830023302194,0.014996292712086693,0.0283594862019749,0.030625261959054684,0.021801338857245795,0.015205106750970223,0.011783718759151789,0.013620963022542149,0.014253428361547946,0.013906953486834038,0.01167506057289919,0.018705616172818202,0.006835325216293071
0.022793970037806335,0.018482966539366177,0.036637372612396864,0.03632535069075331,0.028776177193513712,0.021335866870280905,0.021976737547704503,0.021240338157948284,0.02609327088122288,0.034541299866319264,0.025715797904060575,0.012517794471470067,0.01358657667468708,0.013991999657833527,0.010374338844678343,0.00819963931107483,0.014150824620483714,0.01485888565023985,0.009514011088775566,0.011179996849676533,0.01235428843104511,0.015085494007547743,0.013309347871513675,0.015992786317238914,0.008940932467494065,0.013467747774279178,0.019774129549734617,0.01472240797547873,0.017080025837499256,0.021603882528262393,0.02399731000293245,0.02064279564846852
0.031128454638361693,0.027643778440725988,0.02990703185583693,0.02393017307001689,0.01257580337081132,0.026598501279156736,0.02815250861868155,0.019105858207796273,0.017379010625842295,0.015859239834867124,0.025769093453064308,0.03125526821120218,0.03259543633124868,0.021812607348418393,0.02057826468116432,0.027589509396722202,0.02488918291533622,0.020509589769739617,0.017167652710672648,0.022116383539529848,0.023732303218741584,0.019473708050672094,0.022483630341619588,0.02107755648563173,0.010781516624512471,0.009257246932632582,0.017112102320637857,0.022321681175568302,0.0239779655226688,0.026970085426843655,0.020646760499615318,0.01535889407947546
0.01568273482913918,0.0177237604641605,0.012585070512444611,0.015078561026697976,0.02001558578348812,0.013357189420646044,0.010382883702259404,0.01673457739249071,0.02345978614261573,0.03851546534852679,0.03349449342911949,0.03932712590027384,0.03228403596598658,0.01946683770407506,0.011613863546827056,0.014127116094248547,0.010195325109302628,0.0064900789414607885,0.010700508208067741,0.0075530928811114615,0.00969651755401663,0.014289062837696244,0.015074947225997339,0.01817304725035983,0.01954854993050767,0.02956414178320042,0.027340137193161047,0.019403084359412053,0.014130712698512755,0.018707675877304698,0.01873575534654721,0.011568296485173756
0.016578009277418655,0.026434951238833174,0.02839543383927097,0.03290062449744347,0.022577590482456777,0.0234631397728417,0.02140547121287309,0.024068401272029805,0.02173660997294656,0.016714877886124975,0.016779101629629308,0.03289969029584777,0.03534534276227699,0.015249436684662306,0.015641847054261304,0.013893523097879404,0.011876477706033147,0.010004210045109773,0.014519513742202691,0.015057040914986844,0.01595673196593754,0.019144429179566335,0.0253398183260849,0.021477913946342426,0.016663654536375846,0.019327736732663452,0.025405355395102233,0.022975205366016375,0.024629508809218475,0.02023524168110248,0.03252567019588837,0.03664542031759963
0.016719436054130364,0.02453873985344248,0.02424932578817904,0.023404166225938893,0.021788663298061003,0.018744403414303182,0.018887852785398472,0.020759437922349994,0.03204342849340813,0.03176763596421159,0.025073389492053292,0.019787476635719087,0.017105130849427795,0.014782507043336765,0.0092905285979262,0.013482913629892651,0.013662776647546098,0.01694010464064824,0.011525495636117117,0.00936885160725977,0.008369278994857033,0.0128932537587459,0.01681843695035376,0.019102174976860817,0.017327285588293096,0.024395063610789938,0.02827280887067458,0.02301741552111753,0.024028328386863033,0.023890183963857708,0.02977993715599342,0.018262421617462075
0.019810415234820626,0.019569806646210997,0.023408145959818966,0.026145226704775464,0.01622624123896338,0.020933640935769594,0.018086031490386387,0.017079510321186493,0.02520864062268954,0.02768629974879245,0.03419770093516342,0.039355750100617884,0.03426799346497534,0.018444928729041184,0.02437515226480364,0.023794377305819375,0.025905436807328014,0.01759628268708051,0.020042171039074297,0.01516223876742195,0.012789439617218122,0.027206337124823263,0.029085315626145632,0.01941549276094034,0.0249999844814364,0.022171634069989395,0.019825406789270538,0.019436434997887254,0.01930463415005917,0.017039855324981982,0.019772726424333715,0.018909708121273176
0.019024140953069053,0.031237035028079212,0.036268017895624644,0.03136385333341027,0.03201618703314678,0.0222347079986462,0.0183951288025192,0.026739439433513784,0.024227969387331252,0.02749757396868608,0.014163162927597697,0.011401562060642509,0.012564944290833376,0.025874261728246726,0.025335053086102663,0.02811609572700173,0.024189600380484143,0.02476018298020385,0.023051384688889846,0.028377563436627607,0.0278035438035434,0.015780884909708054,0.018289863049220267,0.025044996511107264,0.019335404328003774,0.0185977650088418,0.02277660252332723,0.022348815398647876,0.024716287854096596,0.023033534753455348,0.01898562554224282,0.03536827076654873
0.01459587364719692,0.015166113499081302,0.020990113643255377,0.02433749985277074,0.020199098551518153,0.018471941187826565,0.019122333489054646,0.01764082180743207,0.02988657588265217,0.01890378216239852,0.030062073450323128,0.02018192589038813,0.02001238799679481,0.022080729585295816,0.025284797483611097,0.021697000516438816,0.020573238764337788,0.0256771351619852,0.025390330695471253,0.019662480360672117,0.012223904824263235,0.01175231351014975,0.01412236041627827,0.014597494498830459,0.012128066259680381,0.00951943098208534,0.007974718220531809,0.008165952486405774,0.008998285436127292,0.013767042107293744,0.015055246274129581,0.020437298101338094
0.022785274873843634,0.022600395449032973,0.02680163666113106,0.028276196215462318,0.017112169927915727,0.020766826700412574,0.021735605144397565,0.02731316203298756,0.033393589827994445,0.028098663717146494,0.02712364104706456,0.025744974574818627,0.02316979305692583,0.018832639457491793,0.015250028628628214,0.02695869884598099,0.020405193595497702,0.008840198198860366,0.0067227130873005365,0.010276444703208827,0.013176596727463569,0.013126172196544966,0.017765335653449708,0.0232040694125401,0.01813701084229407,0.0207782901875362,0.02518607678954919,0.022079850969701883,0.024220194596725718,0.027132914892330044,0.023786174643548666,0.031329636009388984
0.009180892075920436,0.014877286181297656,0.01246136199023838,0.013194137469134093,0.017732243013254323,0.009951873448104446,0.013520978144361736,0.014262332498030942,0.022611148107678766,0.013543832080891056,0.014067512908274798,0.012108829607764994,0.01995121426586201,0.028162374222113054,0.021153327798631365,0.025168337784331696,0.023837754047634503,0.02734909987262084,0.019401488842029208,0.015648920142437708,0.012848832771476762,0.017347225033407743,0.015267491058933134,0.015034827734527134,0.010587668017895548,0.014821784392295386,0.019809073469421224,0.01580394802096831,0.010951079076668837,0.00930248457291697,0.012285191635300445,0.0224544382514917
0.01630630863307161,0.015364826563379274,0.014380706969867612,0.015709283375032555,0.016643193115276636,0.016628406512717405,0.018485585072185562,0.016454644137133434,0.01199316753432778,0.024263964668598835,0.02186377459556639,0.016106491304993857,0.011834896081807957,0.00790240114148465,0.011006713306127175,0.018310629844421215,0.020164828563898368,0.018891632143209568,0.01655675126859177,0.015183153423721282,0.019058791057940932,0.022576262910259322,0.020187538134981114,0.015608909250474342,0.023609414935857304,0.02137357826814856,0.012913430343415671,0.009135368144899004,0.007853363511243475,0.01576394555320708,0.014637671921789833,0.014694035659337561
0.013185809614279936,0.015260295157972796,0.010755607662514212,0.011412136953889042,0.017595405275561443,0.022742559376274743,0.013353206927395871,0.013290344440506528,0.013205625067983626,0.009032228923466489,0.012118183334923524,0.006211640560341061,0.006681955660125533,0.013813294743901642,0.008593577660341863,0.012068478495323871,0.01329338731790642,0.009970997036074427,0.01064355927228562,0.01010852993313409,0.01124476331085838,0.006278141515667652,0.006597407560676602,0.010639869587270572,0.013608971279223458,0.009528979530683546,0.016309026417136045,0.006547848034901508,0.008960593478059855,0.016980638934339366,0.02041275363121327,0.0192858954200543
0.014125776956432561,0.01217414729132848,0.02074054755810286,0.021568608054059028,0.010940980546258286,0.01620873028606187,0.013520826740599939,0.013307708789548995,0.029985588701497718,0.01982748462236239,0.012739178846017931,0.015214991413204097,0.018074173139047103,0.012913724861920342,0.01477346879968448,0.019500764496563055,0.017243877292714014,0.01695653303427328,0.021129262321530687,0.013334219128159552,0.017347273567590187,0.010445482144455284,0.008563551158228273,0.011590230718315138,0.023393945708894557,0.04006125770880701,0.018141390701191955,0.01931038542207399,0.015081592966097065,0.022797399287922966,0.020226528536390672,0.01502054033600632
0.018943220306796436,0.0443513206627822,0.04113819814845051,0.030481086415053666,0.029511107449517755,0.026593077106349648,0.01795860448245155,0.021779195941196754,0.022026329290424834,0.022254822549177333,0.01746836061125354,0.016570952620706264,0.01527225472353487,0.014609754601374791,0.012184342420264492,0.016760035176483522,0.02252105892750514,0.01847677424388763,0.00931942023302661,0.01116534972000672,0.013173276358619089,0.01619846378733161,0.014454960353298388,0.011481036097024886,0.014324885611173812,0.013291868049959875,0.0177965678465558,0.0198340832366858,0.026406336664323717,0.025312379591544438,0.025971754266635654,0.026056346537451144
0.00864992147685323,0.016945227610031283,0.015706057277995226,0.02076257039731366,0.014632708117735116,0.014253189374790786,0.018935303457431392,0.017458018564473345,0.01609337906225632,0.018899763416256325,0.017141348192543523,0.015710305444397502,0.014701456540096547,0.01223106236724721,0.014785730592967597,0.010381909245187042,0.011774342010076789,0.011819830356838147,0.018697413230660907,0.020346556100313735,0.023538777463959014,0.016304251624819327,0.016218849398090533,0.022633426710911727,0.03192536089264251,0.032316492233878266,0.01965263901173653,0.013336237337304654,0.01659936172314493,0.012550335770705802,0.012792802281028522,0.01199966288846912
0.012261202496781837,0.014730705365648862,0.024235721975462147,0.011834837437440833,0.013447829604970733,0.014373679061863764,0.011872067365843371,0.021835451395315616,0.023524009407144678,0.018453898301324028,0.018640394898109147,0.016319144741643334,0.018313930882666894,0.02510170165560172,0.012166966687301719,0.016796056500294722,0.018923070434658153,0.01982466439646492,0.02329446727623475,0.019262294815928276,0.0158876239153907,0.017868931502237187,0.01735694504801091,0.021085963313487336,0.01980318224897572,0.021749673633003393,0.02391648841450893,0.017579193237462282,0.014653274364498203,0.015826803449752267,0.018620009070016697,0.01935653420547644
0.014149824700691893,0.010387075985149685,0.02168882306216881,0.025640492940333937,0.01685653495009249,0.01513740206180547,0.012879490157978101,0.01560430554161505,0.014548112717914065,0.015206845225526584,0.014111045515760654,0.017549193423572654,0.02164328062247571,0.011294935452934005,0.009563060747394863,0.010659495851494893,0.013497477670661085,0.011851517700240339,0.009954300731002771,0.018991963860843283,0.019864763666051524,0.012496997770317078,0.018964169808856585,0.016185487682153842,0.02380066221904308,0.0226870574368986,0.02087713766925892,0.022374082311288145,0.020391316475833695,0.019260043188611985,0.018945808485899232,0.020191086229174426
0.019044602484205485,0.01592539633230304,0.01818082744702713,0.01850034204295862,0.022294191183846998,0.023283590638691908,0.021790093458114067,0.015795141101155295,0.01256880860885566,0.013674640678795421,0.016225192994275904,0.012078842850254358,0.010518198026251844,0.018826326305613466,0.019461638672386376,0.013521952071291438,0.00912765768523515,0.01086599008972376,0.02271619970400859,0.024143383269161735,0.012979261552182979,0.011607805876264674,0.0144068544232472,0.022212161705112542,0.033833227381976354,0.035584030289561246,0.03205744452142332,0.017125136279878977,0.020803154015706597,0.028048925763302365,0.029514920447000954,0.0188402493958015
0.009946946851927013,0.013592039002881336,0.012384763087061922,0.018539277317467046,0.022065992305188468,0.012808266584014108,0.008076926553642375,0.008839404584874373,0.013741027512782224,0.01893383999735435,0.011650647891594883,0.012431370748835683,0.014533083923560577,0.016081467884725795,0.010091458028319485,0.0081083654216964,0.010817343753632575,0.008516054143196991,0.007427229451891355,0.009131821992217388,0.013789004384189044,0.01138604135674411,0.010457040336119858,0.010080235443823863,0.009371469543698663,0.01623259900628469,0.01757623180218291,0.02266620033853515,0.013600078093619714,0.017701058890238937,0.016389178367749307,0.01915632061982436
0.020858935598208686,0.03541347642395896,0.01827632291499817,0.023769708684135697,0.02435678161377284,0.02848892244506993,0.02489659556692662,0.019249556084754347,0.015778270744720498,0.02672334618379771,0.037830103406215426,0.033348549891588954,0.027351458056138225,0.023811936296786088,0.016589434055420585,0.018381577748659946,0.021054357972215037,0.020201459393213966,0.023971801864236707,0.025972027871296002,0.023930879849380852,0.01932884955422004,0.01610728541462854,0.011155765212659045,0.02291610262115177,0.021026310668562885,0.017524790943291752,0.01906304573236643,0.030466451149246527,0.019945514187430513,0.015727027725545527,0.03122741425680961
0.02123769969926472,0.028830996527200965,0.034940511636722925,0.022300485231098052,0.02029165302753378,0.024558639295539225,0.027566146573189988,0.019438808972538777,0.011439561257763667,0.012476815998496543,0.021372328309688833,0.018227595455631924,0.01879506358293781,0.016162026372566845,0.011998306607164678,0.015040072679999478,0.012601167482203529,0.013894294959629117,0.015248227482980393,0.015538775895838103,0.022403296999171325,0.022109332744661606,0.01925962599663497,0.016109262270679492,0.02534011156458319,0.02637954219112956,0.022031136535138496,0.01576367295595157,0.016092871981977414,0.021457089422196065,0.025804800924986233,0.024886338260641454
0.021191364668659136,0.021319648979807544,0.026211478878138912,0.03383500377833127,0.048383748474389775,0.05303523359939605,0.049730616855664045,0.05531764543657592,0.036145109747364935,0.04350409403305767,0.02588562797710552,0.02640959343013375,0.026497146068412383,0.024344170346633318,0.017621606122328264,0.02594634313434134,0.02632603828490733,0.0241855146623031,0.02909342939522931,0.025177165615314034,0.01934046788272215,0.021168111955011146,0.024433247765085712,0.018674982303056614,0.015580662418781949,0.020161141314641598,0.016798678187526273,0.019605742635413797,0.024589358433598472,0.015530712202659435,0.018783710238879436,0.017778026038836922
0.016511178246445532,0.017998608915049376,0.013563615806741322,0.015029034783550362,0.021922596112715877,0.022624012874458168,0.020559262432413353,0.02099372718813941,0.01775482287284246,0.018674448386768665,0.023075094558252445,0.020328824565920976,0.026084300781526376,0.038035060252438094,0.01999773637802411,0.017222810941438314,0.02694037068584163,0.03322383198162292,0.031078453709401054,0.023372687156783395,0.03019128836331462,0.030433794296287116,0.024796356593263062,0.028114492865350206,0.030037980923778837,0.026226820612266985,0.027574271179356576,0.019335314663614118,0.01659237664827518,0.023544788212574524,0.023911638382912055,0.016600217940213068
0.01016904387860717,0.02078169755997674,0.021283291620930758,0.021243885515988884,0.017800412900147434,0.01349668234320257,0.013063880952921408,0.01736930516101336,0.021160591600467616,0.022944387027474873,0.01610719525644369,0.014405736008377435,0.023981201231523783,0.03412907229688301,0.01752514922380287,0.02582938643403977,0.02555617545332998,0.03298302180927248,0.030411145330690403,0.027839148926960204,0.014292523493224912,0.01274960191176582,0.013342694052138632,0.018094232098348817,0.027276146805708043,0.028559697201679213,0.028925044493372472,0.020897202621042384,0.019515461378451737,0.018210417974929994,0.02295212545993417,0.023686802127310846
0.005880571992821709,0.006987710482908043,0.0078052688376449,0.007221252141905775,0.005292895754665776,0.005336219731441279,0.013035361469842858,0.018220595545025312,0.017808352041218046,0.012654663260736814,0.013873785352516493,0.010591769294972547,0.010123200329707146,0.018990025065864762,0.02243479315063389,0.02961197850260552,0.010722958499581988,0.014824560060264964,0.0281381681089297,0.022511885078846907,0.022366541545617548,0.013349801606614954,0.013896191196229772,0.010104115933581181,0.01691940778745702,0.012341762383050504,0.019048969241155192,0.009109844747351346,0.00819388375917129,0.010099318145284083,0.015103043284979446,0.013007566684348644
0.01451211275367521,0.01621698115925686,0.011900899464313367,0.011553679818221217,0.018278860436144732,0.011183592578787949,0.011331655195326447,0.012451826624850395,0.024795513976674156,0.01747400706656455,0.008632840516469729,0.010424367807566113,0.011835470938058245,0.021043171210473194,0.017495514778764043,0.014024524917812642,0.01600255183064906,0.021440409202890642,0.010965727205964525,0.009823596850640664,0.009427752627991871,0.010118057683186719,0.011204146950903706,0.01208276922196995,0.01306193994624335,0.012598073226559403,0.015336976149678676,0.012916298901883047,0.012171989752347859,0.01865138960845648,0.023515632206380692,0.01665719931566954
0.024120919386050998,0.026178653399300283,0.013843334056031463,0.011906642517771876,0.00820708291797173,0.023653516613963088,0.024003852408051102,0.011223165820474045,0.012495164792349108,0.011885599843154343,0.0187699382415323,0.019908472342778996,0.02144821491689511,0.015858774517770263,0.014809807089078614,0.020701411656594452,0.021125781857930095,0.021799828253787318,0.017540271998448823,0.014597781676815403,0.007338476723494899,0.0135603333762561,0.01746214421122136,0.01596446693949712,0.008642940648163552,0.012823816716417186,0.010181627328902279,0.021698201311793595,0.022967751764419245,0.016024277836500102,0.014276147437208163,0.018482084333397663
0.019393765984583474,0.02436293527413264,0.029290149663293942,0.026567861790014444,0.024081612113447535,0.019731290521074918,0.015848913107374105,0.01928946360912037,0.021407636425618916,0.016949791868757315,0.015429997434634704,0.018411453128611442,0.011814945204413337,0.010594739001358138,0.012039195508364771,0.014355981328479058,0.01628148259176441,0.018312079463142828,0.017845170818237846,0.022084772202857362,0.027328426607790602,0.03298977199763827,0.027113230249312736,0.01594518010447422,0.03653565783423116,0.03759459164861927,0.03301064070861809,0.018079683744619574,0.018351085609990735,0.026801377318936274,0.019244673200266262,0.039334734186113815
0.00884432204201794,0.025286396541531315,0.03217972968140051,0.029206613153388832,0.024042773871067385,0.018430310247885325,0.017404571634931535,0.026305942824179217,0.036075787300266324,0.014276631782776154,0.014824656522051411,0.013872315098696682,0.01457172404574925,0.011986898413690267,0.01696912509604789,0.012602314161209136,0.009963568980570284,0.010185703567534305,0.011826879281374846,0.012954865160621892,0.013311022803526331,0.017025155114426947,0.015802077883246952,0.01590671387137515,0.009479729292219082,0.015077498163504247,0.016864077163400715,0.016030275079842993,0.018731951866769365,0.017414522564922708,0.02950653278851755,0.03175988281568545
0.01380885083041416,0.02500339673832934,0.023436387597660237,0.021918587585593327,0.024886269498948215,0.022870329453081144,0.022193239754281703,0.020653036859224885,0.0223066736578787,0.01847751199325723,0.014116504806729777,0.010602807016099542,0.01302200988721157,0.01436488378363073,0.015705175419199236,0.016854274751758474,0.016588524250348548,0.02162895784440413,0.01817601789490462,0.022799478012237723,0.02844489232043686,0.020049817705528515,0.011098791740851129,0.015784106506144934,0.029329714559982747,0.03654492461786953,0.02909072691155325,0.017617503005531034,0.018413324738829694,0.030150979220798877,0.03553607697850213,0.030888008580436874
0.021325325274821314,0.015205588844916306,0.006055444578043453,0.008650985268651388,0.013691481828588769,0.01983586170476365,0.02121606850332945,0.012695002532759158,0.014769232793280549,0.008144603142260676,0.017432130309976177,0.019057325013075326,0.015238326699386595,0.009862151842138489,0.012065930031534153,0.014554114567732755,0.014760840822316225,0.013717834621372008,0.01731480054877847,0.015046993838621608,0.011635863560807964,0.018003620257756127,0.019698820787816786,0.021659244059222805,0.021438131422649328,0.018564457228310138,0.015158896369651443,0.021950370185266653,0.025931593621328193,0.020252931630027143,0.01815203006064798,0.011914855838852205
0.014154474531770182,0.031364967616854554,0.012422034465268721,0.014069055127731878,0.017926755684839122,0.013230123967539085,0.012437582524385852,0.011309852911491725,0.013564506496076845,0.008648298892147114,0.014717549208334669,0.014228623683651388,0.016762283581015332,0.0200662674949395,0.022062812238456776,0.020835497336785237,0.018344884426395237,0.013077782197598236,0.018267458849706066,0.017868672717021958,0.01260457004303167,0.02047047050661175,0.023825505900278744,0.021327357338417518,0.019776007631526427,0.01961368917691455,0.01973481090207484,0.0176061191047105,0.017198985656534882,0.025752574780786245,0.025150196928104884,0.020650512537523497
0.016000548586923076,0.016262696493363607,0.007677464049068235,0.01106360731500779,0.031777963359129247,0.015457362295088562,0.016067415445026937,0.011435223746752978,0.01762889390424493,0.020709137731405536,0.013865429388054936,0.010577355220792502,0.013123594438130668,0.01471644722619424,0.017066661341499617,0.014971707038368965,0.012491243223169907,0.013392192644222553,0.016918475699441198,0.013836681070861015,0.01216200895552517,0.014815999847473945,0.01243655632629504,0.009056773553325018,0.016630448713673723,0.01712012541087276,0.025714983500770706,0.016959922691687234,0.014024970321621245,0.025433176672851672,0.02840514797764577,0.022175740064161707
0.016184208235687034,0.032874413045570795,0.0250812088062843,0.01939863142534968,0.010499584687972843,0.01861066282678484,0.01650995890707595,0.01745426978419512,0.021111729441067238,0.029058352955958173,0.022394308538579162,0.014278802959949335,0.01631744670878601,0.02021607187546512,0.023244601778724526,0.02091282193266139,0.019857093641767718,0.01845825504771087,0.025487005780802006,0.02480689681504449,0.018712905819144157,0.012427873072953025,0.012652957224942514,0.013570911360512774,0.016203543713705224,0.010063914291319335,0.013108039165598799,0.012302401837052359,0.012354679967898567,0.017259685050369473,0.009185274670486,0.020693181645047444
0.03411784655175055,0.026880142437887715,0.012786807034534565,0.021927553435804107,0.01950169245309569,0.020792539718216624,0.027133271663034513,0.02539593442443001,0.020120012020685685,0.015451966110766293,0.02485890592564869,0.028539412287085467,0.02957188627213952,0.029231414597750898,0.02729709054669911,0.026544712871196665,0.02801726864844748,0.023711926579791723,0.01805382157870414,0.018040015606405106,0.023532379631847667,0.02737567719701841,0.030575114125343698,0.02343565796323048,0.013589611475377381,0.014199708262330059,0.015361302374097366,0.02171295495061343,0.017977071992941313,0.02055113778451516,0.01903011346250349,0.012573302075460448
0.013755808403400528,0.017705273965523436,0.01928933747647729,0.021839669208839098,0.0320010287663574,0.017876276773637824,0.021165126873124475,0.029928736814769787,0.020620328486721944,0.02253002396695044,0.021834823411955674,0.015953418174457685,0.0180480388444649,0.020866229820531927,0.023195594935852007,0.0182845824983768,0.014190260626979716,0.019147125408821023,0.021041868174473535,0.017076508637418403,0.014268887525799375,0.014420817516112284,0.01180577144133016,0.01232500560073471,0.01329459976647634,0.016489568828721497,0.015380152838836645,0.013043715899684687,0.013715926783121597,0.012082075992024714,0.015444511661910083,0.013277521328998544
0.009200551614884938,0.011637198092847387,0.01719563971985619,0.026606857663518103,0.012329318641192924,0.018708724927195768,0.011092992690734596,0.014053912914099877,0.020538063421315398,0.019048910089164595,0.011226252719784127,0.008977260152292442,0.0069227219995166974,0.006580374098892164,0.010576008484536504,0.010465215631285552,0.011704301149376463,0.015038790493799175,0.014260943343959429,0.02184951723225986,0.022922973954887318,0.010587178834394945,0.009067226414607677,0.01164965885205705,0.020815182536368403,0.016779295915886352,0.018072768708158816,0.011510493212389653,0.013406710256563004,0.021017442288975816,0.019546992117152103,0.021788000869077156
0.009931120338729244,0.009877409412706492,0.011993369528744111,0.02422801201815243,0.01662450259631147,0.012861513359386309,0.015605773629795754,0.02461550927176712,0.04763441857635605,0.03949625048964765,0.018232700364004956,0.009610689815023379,0.010810199612632555,0.014019243200952576,0.010996258306882455,0.010762360817644544,0.011723361613531645,0.014279046482858236,0.019191498731440416,0.020288568932117487,0.01571455212740679,0.009989803975010654,0.00917744883165178,0.013557433692188018,0.028823108690187598,0.027614631042285565,0.025210687792775993,0.007030856394310815,0.007747595470352505,0.016633336787485516,0.029062014473777698,0.014719128851716676
0.01564003360084464,0.017439041730480876,0.013562301935649545,0.013097640122163105,0.019541717945771902,0.015338953630250445,0.014703783390698237,0.018879193496133664,0.02485516233514837,0.02343052583641587,0.012361001479338135,0.015926144798943647,0.01988318497838254,0.016231734209586183,0.010048368363249929,0.01585800332189734,0.015257365660996051,0.01778536767521914,0.018394329466081775,0.020784532806774197,0.01763847163305632,0.013923796548362332,0.011738292470810562,0.013195165127938124,0.018296662555573693,0.018473577921743638,0.016420038529642036,0.013083044929010714,0.015456665253669165,0.016172774430205913,0.017668681180007372,0.013317935867963888
0.018716154960993218,0.02177782577468116,0.024762307999811453,0.015740827403402775,0.01804257621465273,0.010044648546718136,0.012698982603260543,0.021946738598681518,0.01441937878446206,0.0162047770735632,0.01774042639611369,0.027549078905364694,0.02960497503524071,0.021530440171699975,0.019497142260828423,0.031528866679696795,0.03120738684486194,0.028522457581305383,0.020629224388831347,0.011363591276201353,0.01461633809171408,0.02084010936667942,0.02222303719414672,0.01983502443714865,0.01905412220865183,0.016323137805550184,0.019310958001355606,0.01576781190369525,0.01663307484691741,0.01269126388883955,0.010944228078503608,0.02156979943978112
0.02168524072312728,0.02133504103205892,0.027447507426481096,0.022134112823788608,0.02300170567887575,0.013719979151844516,0.023259111542872128,0.027347671597310955,0.026233297111562137,0.016067784599928393,0.024768295937245336,0.01664200943500345,0.02047234837111437,0.03825625119329251,0.029579761929069213,0.012858757493936175,0.015395215693819039,0.012336811648622213,0.012499447528230009,0.015485153251356956,0.018682393051712435,0.0203393989835664,0.016456781411744212,0.012652596665207414,0.016479948703434822,0.015208373699256922,0.014128167050794432,0.014297979890085103,0.017083448618029417,0.02056330986779542,0.02233445003490012,0.029881972812916026
0.012356819524026202,0.013473254156211215,0.009097517827656134,0.00998356090223039,0.009983514611580199,0.008940340485692044,0.007709170682077068,0.006845484841247864,0.008124123276450526,0.010899951069361955,0.005893089030435422,0.008976567495125709,0.010774042420799889,0.010444636237248579,0.021870338060480506,0.015901895228546008,0.013026160349409203,0.013988980973280205,0.016407057560585928,0.019423631105439314,0.015916650050929546,0.01278329400882548,0.007989920735232494,0.006789517564920824,0.013404291444436242,0.016444102361219643,0.010874259431756112,0.00692104696684285,0.01175661843935596,0.014765018242103165,0.020804599722363853,0.011640809925307818
0.014020131215026637,0.0293733652206311,0.0267588255708835,0.023723107782314613,0.027601756436710596,0.024568855169628076,0.02483189609070382,0.02204268127176832,0.015503101099985647,0.017174060278025906,0.021552929025557596,0.014436305945824691,0.017981563329421007,0.01720074831491862,0.013241047340177435,0.013139387938925455,0.017452994224004342,0.014653992159056587,0.015399366947490228,0.014072253686006918,0.01800307024139227,0.016758699619242968,0.012383146186711472,0.014159957338502288,0.014666967593539996,0.0193308389086343,0.01700870704686737,0.015513397925950915,0.019649928708190108,0.027586285823302067,0.027415498381757747,0.02869501802233269
0.015826703967514056,0.021321404031907597,0.024224461476858757,0.022035284891602926,0.010323274591133337,0.012108573106578518,0.009703153348879381,0.011533254922390114,0.01693949721786244,0.016203271704708352,0.01854997708303658,0.02054125866429078,0.021566710945113164,0.02440800998391426,0.016942116556136998,0.027556874155542796,0.023296384365760096,0.021620084889164632,0.017239965062577446,0.01913500497511398,0.016631416720493595,0.019343057777350688,0.018279175657493204,0.01404438219359616,0.01323317322590885,0.011612035020401036,0.011692658946702975,0.010355120126277048,0.014091990924142487,0.013596741593841529,0.014570102558966213,0.009821139305631936
0.013031954296567644,0.012561013598501182,0.011340488487251594,0.012440354656399625,0.008617093681716611,0.012556055186133546,0.011093498567605635,0.006385142420738132,0.013765171833508283,0.010502578643601048,0.012106717176649559,0.013708375991561182,0.02105709978409858,0.024000780674583333,0.01841718433308517,0.019810570963893624,0.019475361706425245,0.014139182506931363,0.020163039541384375,0.01767311207975105,0.010504100421726819,0.013691576696958906,0.015735700192118663,0.013568412868474057,0.01292105056366018,0.015684244604084654,0.013100279236719374,0.012961762378550632,0.016008709966766375,0.014867230409902983,0.01766785083563198,0.01865813868032926
0.022583603033107604,0.016589658631453206,0.019942554246037757,0.025088990281391627,0.014859064431762959,0.023192907341706977,0.02144834227779061,0.012021576127996647,0.01846928064270888,0.008562676156242377,0.021572638092678873,0.01958778902374918,0.023035725615606024,0.013722857266141551,0.012865633384146823,0.017930454556404817,0.02797994964925472,0.023405385121663833,0.017052949809670558,0.016135960655951263,0.015956755242327543,0.01671014778172653,0.015883071026208857,0.011731976440541664,0.007603183193110813,0.008956478362081566,0.011012667777684936,0.0197808907133528,0.023245158145800023,0.019662822069532626,0.017197271559789326,0.03411120885073758
0.0288990323815321,0.01153402887869678,0.014098980296875693,0.014082505810748608,0.021180911405783306,0.023375070335789436,0.023421708917632133,0.022977416661404626,0.01626861755458488,0.018739319887152057,0.028524487693971264,0.02730876130764609,0.03138561735357889,0.023340032466116486,0.022849550061543183,0.01776780946777152,0.015004456173745868,0.020937263732324067,0.033024748843707555,0.0360006457924112,0.02154702057583539,0.025968722846508766,0.02083611374770737,0.018484579729652867,0.01716879062087873,0.017873716241298857,0.016669881984413954,0.01737513856271233,0.01787604416167525,0.021460720953576068,0.018584910904883123,0.019414325143893862
0.02369463064048259,0.03156573205811126,0.028945850365576672,0.025295746273877675,0.01967807318794996,0.02414697938369269,0.028009114841998712,0.02530314474599247,0.022692384301952036,0.013763134047125923,0.03625884525441567,0.031261304403355,0.035415030975054995,0.037200022519763266,0.027531395877784408,0.023047636466976988,0.023252916876937715,0.01657320902053939,0.017904724199589793,0.024086853316467514,0.028367398782596302,0.023911532541808243,0.023004968794235414,0.020136150196744033,0.009417781539891016,0.013238920854036931,0.012507796003453614,0.016572238715727463,0.02022821033807932,0.011931655965302561,0.015149196225192731,0.01320243859099913
0.020469172960814377,0.02671543664293409,0.04146951829222188,0.0471387060300034,0.039581500966478875,0.028812777034372832,0.03658055179738875,0.04024451396431131,0.0540688454002049,0.045111834870501674,0.036658008502944074,0.021776140837254026,0.026263057869705043,0.03232889291871141,0.0383137818668062,0.029356856555994938,0.027342289663591268,0.027146490164600058,0.030500734111813355,0.02867703162974695,0.030590150027999714,0.02908417865332485,0.02893722963022613,0.02730583685124648,0.0222637182629956,0.025963334241336795,0.019875985631194977,0.021530682427037172,0.028176549848783053,0.023846799965075494,0.026491795708454568,0.024147928174559245
0.010774318210517154,0.012695616328972856,0.0103404776491269,0.02040299480680127,0.012698428393402508,0.012822589333363024,0.009782410306112424,0.03303717393762772,0.02893334247960852,0.020021142538343105,0.008673936069297599,0.011308205358893526,0.009445505138482859,0.01497553614848892,0.018691732562649506,0.01573454889463738,0.013795320906499126,0.012313832282260195,0.020293905990080522,0.016479002581251425,0.01651724342001455,0.013516800410402383,0.017291953569496102,0.009687264084729086,0.011195824351352598,0.010427755568967651,0.007538212674081629,0.013322365707777672,0.01741335569152016,0.011223794555551808,0.006777383685519275,0.009381739358295872
0.010619917910354654,0.009002091935844043,0.007959607535444741,0.015465964013760493,0.02203693436357055,0.011992117739818188,0.011703788139917742,0.015445473048394352,0.020372735921601902,0.020830089924330317,0.016991337872304398,0.01616092349910483,0.018645243507416656,0.013583673842843027,0.013073153408478174,0.008476954622218731,0.010802268158383983,0.012465444767243107,0.01617545914110855,0.021257760018887278,0.021238434349197775,0.020619455978147044,0.014280529600462064,0.0141063801416835,0.00927943647560584,0.010277067160816458,0.011160848230085405,0.006472197769148504,0.007811678072311807,0.006737310228230625,0.01080436978260898,0.007876010181852447
0.020357856187954094,0.01418135149213515,0.024904735907995232,0.024677016720692935,0.027663753438853435,0.020848125657149875,0.020099679782695615,0.016297427764281062,0.01648797072370766,0.01681865603216615,0.01655923308779289,0.015041162568784738,0.016705685151946783,0.02338969831906313,0.02214774566086393,0.024951312747026652,0.022434832349192586,0.022398106289057387,0.01712541856865372,0.00812967346140177,0.012011235773419605,0.02172047913461808,0.018243509976398977,0.020036892013712202,0.010562448781142007,0.013906777657813446,0.017266082636384714,0.012938162725003182,0.012424791631703295,0.020372195309132472,0.023591971708958985,0.02104273013235879
0.01050007785425019,0.03320009948536867,0.03419524193850856,0.03518822666124027,0.032797225167427765,0.020339611052959977,0.022520861410682845,0.03966949800572091,0.03701068685034949,0.030004183943678438,0.020886414105120675,0.01156651838381096,0.012669764264634726,0.019847459116853698,0.01719776990692105,0.011252224816875918,0.010118771860888585,0.009229820811534012,0.014564785396036164,0.016809616116500583,0.017478705289505837,0.016468766959209877,0.013821532198429489,0.012878431284865306,0.012829030243452676,0.01738988636756015,0.014926899405559697,0.01780729701476286,0.023749213543575187,0.03450236495048386,0.029579807422189644,0.03587569282534009
0.018297332915397063,0.03714937491934685,0.026419525784914525,0.022948478581765918,0.020564211327858364,0.02239121548084447,0.02663509009582339,0.01871149362798421,0.02267115348977052,0.013943478729071852,0.027848370397767625,0.024580839485352855,0.022182880296050783,0.014864154709368341,0.00862197317958424,0.022854849078286745,0.025756729743752788,0.024969126900640622,0.018585197642687155,0.023922153852049058,0.02693020303618841,0.013285994645818592,0.016317963131226607,0.021164302682065633,0.03825253675304961,0.03471903438364664,0.026522240267296892,0.01821277497798766,0.0212304733540347,0.0259117408145162,0.02776948419625478,0.026831941366957043
0.011182278657039328,0.018936774860552036,0.0231124605143551,0.024040329200059857,0.02139356331689238,0.020905454656239632,0.01775872898407434,0.017236080156928218,0.023140451800804877,0.022153184978954115,0.017238004358676465,0.017025489118391586,0.01363062841289908,0.009572027977809351,0.009770597168727427,0.009975100120115226,0.010655730613525526,0.013774627805956766,0.016512728362019606,0.012648101662482314,0.009963543144038842,0.012678209491852166,0.012976501717030452,0.01846881660096157,0.01332339669550789,0.014102857119381626,0.017793588703177012,0.024718991672825437,0.026504982463451208,0.025486442799278267,0.02142201612445407,0.023550368634847565
0.012559668665592287,0.013903974088089702,0.017659666244438443,0.025855564401957708,0.01096229724045189,0.011194579350968977,0.01288283942775924,0.01562918904716714,0.027006797357923964,0.013980670597932033,0.016249556558966132,0.020148282267703748,0.02334634712243819,0.021972269695619863,0.014653307196024713,0.01850021407836572,0.021438229770204067,0.01814011274939885,0.020118921844289817,0.019454083024948658,0.02595427743331776,0.027811833803498668,0.02385589718373489,0.019646513906605163,0.02151619643031969,0.018623571879121767,0.0167039175785141,0.009566553968146277,0.010708813497796265,0.012770160707184843,0.018123243443467708,0.013169934680033333
0.017647031028865657,0.014339099744634097,0.013192495878451348,0.013931276343138845,0.02576999924717952,0.018204421688762882,0.013789412692921348,0.02418178045045742,0.017317217914869596,0.02135561813097057,0.01934767219949956,0.014936191015740695,0.018486985967642994,0.0209953947712976,0.02415347797509486,0.028087481377400688,0.024505880191709115,0.022388323774106496,0.013117813777033466,0.0171146163865121,0.017704368623277875,0.02455559817211402,0.024050617007409424,0.024192939940899237,0.01613361792634775,0.015916514362487876,0.017481741484176697,0.01983542938209701,0.01697758184589873,0.014556368543711841,0.018078995584198888,0.012365295948064757
0.01119771872568945,0.034554818727004714,0.024285532183692685,0.023570358957031214,0.026168517274737946,0.015978814544222616,0.012222324326778774,0.015339273805984937,0.01994018642754827,0.016817592299995767,0.008169380136502856,0.0058963657899243245,0.007893369259453085,0.01526403236902912,0.007807004397496896,0.011470981558045636,0.01275904271093424,0.01185716030830303,0.009337593274234675,0.019290718365715394,0.016031708001660438,0.008362617607554895,0.009820902500825908,0.014043157821690374,0.01790320461701743,0.019314195532547082,0.02028799188920527,0.017209469568647152,0.02051699053905054,0.02492398666846345,0.02728151549841596,0.033705800437605904
0.01766173294590183,0.01875287741475856,0.017766523654209967,0.022410565273953135,0.010836915779516784,0.025697629613544562,0.0255209688366333,0.011832740761868445,0.01193693467021041,0.006783828680826082,0.024194888242395556,0.02089810996842677,0.017705510167426528,0.011081778326297781,0.006566421510055773,0.007248025356785045,0.008832167399278534,0.005285746435076355,0.007352247316239952,0.011424754893298488,0.01574756311460705,0.02421028503650553,0.024777798176769228,0.019124106700282976,0.009151484536255505,0.009706503904488491,0.01242130552166722,0.022747677728670646,0.02102950010122477,0.02014996239877733,0.01622098257949554,0.01589464946292895
0.022191775523467176,0.02962358100292186,0.01803934642670302,0.017658476473266856,0.017634642031134202,0.016964614582646906,0.013830558166994812,0.0144259592161127,0.014858938972757058,0.018044412574483092,0.019873343920433283,0.017601426842996842,0.01963866393109964,0.023462588727811234,0.014617639501409844,0.01856940248652211,0.014016419417922426,0.01541493644841076,0.015209482584101272,0.01778782521105647,0.020563926634805645,0.01825600332905401,0.02138617215244252,0.020287200265966664,0.023987206101010603,0.023987666038620455,0.014436846854536733,0.026344771795001873,0.02838559194146158,0.015411285020172031,0.01619942086696789,0.012037470864417792
0.011221944042657493,0.01101774364557301,0.028687183252977737,0.025448434502436168,0.016691499907028676,0.014274089106471348,0.012283845471090259,0.016550604540012497,0.020002742781333214,0.026013480682730416,0.0214105924844966,0.018176836209587405,0.016675702185881016,0.01466534042339158,0.015989674865034144,0.017891554851673378,0.016235920826096734,0.016712060487252958,0.02230121288737961,0.021985462051734614,0.01951999653552803,0.012515120428941746,0.01412154698014869,0.017648146990566223,0.019641103993616144,0.0202862995082576,0.02101996286028282,0.021150305530758494,0.01001772966953749,0.018527305674143936,0.018220539527678905,0.017153976125464467
0.032984662966558734,0.019604353107147598,0.023213598598172663,0.02495788587961032,0.02409020767779768,0.0326310862068245,0.038828886830075356,0.03234123753556035,0.023878745156914856,0.02554379250162941,0.028770070591456715,0.039299122194802104,0.03364163874187256,0.01730200387030685,0.011026325932202409,0.018164870929468623,0.03610701837711636,0.026640274722029282,0.012849059949151934,0.012769447456946387,0.009275667145489537,0.021681875342653284,0.03486495326427085,0.03484673703178022,0.024311637122500337,0.030822494244127814,0.033074923402218584,0.03862986323791961,0.03338613575536885,0.041044037930759406,0.03577153938773025,0.03083108675107788
0.02296379239631645,0.0199098270615946,0.012570151173470663,0.010403560368307007,0.012731271671879645,0.02359975685841731,0.016373674347119144,0.010328872218965626,0.01326051380037129,0.011319632129076638,0.017280978412077295,0.023114588837629218,0.021197843079795164,0.016812644420066757,0.01274398278210316,0.018392162689886235,0.031602295090480854,0.019651194877409472,0.015199267621931007,0.026982799656647734,0.023554290520937934,0.02714299691137216,0.019920421468104972,0.024975465573262995,0.02812843918260471,0.02955495537047623,0.02542729868046084,0.023672274999570718,0.0177004040147103,0.014689288705258237,0.015568366270300137,0.0174914873047719
0.023518500824531316,0.014797065641028095,0.02083139774870298,0.022601626313614943,0.019199503279308607,0.02567990697429904,0.0207591146465253,0.02176111472271747,0.02285959058241135,0.02327191196366048,0.013357375595796259,0.01258463639533192,0.011729372983638759,0.015308948044323804,0.017539786578505506,0.02139084025727241,0.013184569116972729,0.013787003442037739,0.016110951515059847,0.02642402549009366,0.019772499902632325,0.009705409554620733,0.009682146591310503,0.008483554173517538,0.014244654796123057,0.019283444232334,0.012997914013515504,0.013686057803105193,0.013797167555474376,0.014960325141629637,0.014601134220560814,0.01629685885073706
0.010771770232251898,0.01806452289435367,0.02459654045989531,0.03140460076854022,0.026735437161107944,0.019043750772467012,0.022438521994556485,0.020931455681339296,0.021832816090607984,0.021971545119003823,0.01621758724411584,0.011201376064290329,0.013255856155872667,0.01161543269608853,0.015936467117991987,0.012504584957009086,0.008233195153227974,0.010220065397945748,0.02285644459282402,0.022472709396952933,0.021161801292767218,0.014415906605642317,0.01791443281040539,0.02364565460208899,0.016544708407165848,0.017611878789115208,0.018956292748375535,0.0196589546555989,0.018385804984852004,0.01860485182677491,0.01865131742887934,0.01872182923940029
0.01918683208776207,0.02345524595297118,0.017661013094835063,0.01993567508655218,0.017586419004015377,0.018231712757425737,0.01658700252153444,0.023869084104710975,0.019085410001270762,0.021425744257540135,0.010489396825662928,0.015962194522021814,0.01493731104751462,0.01410152148086131,0.019308954868043505,0.020881573785979858,0.0148933931936877,0.011997803465889462,0.01327353216571873,0.01355770864605104,0.013861336563741347,0.014129199089915494,0.01509523387733302,0.019615814540885065,0.01930117497536053,0.028027870768552787,0.030058448279035605,0.02326573787104151,0.019945693797047016,0.026617571763528598,0.019321166713334493,0.020803309813441737
0.013510436656841825,0.01421941557837822,0.011928780122229782,0.012410898463880134,0.010612861928672286,0.009227975108996278,0.011495074638882047,0.01681127454571649,0.025728617111478284,0.017050640033126303,0.013147463165281472,0.009745950146986697,0.01009269067433885,0.0188305207091246,0.017654560534116542,0.006524791535109103,0.0053257980088276214,0.004779884291168819,0.011606261453036582,0.013146771768294188,0.00801150609889401,0.006258921134974165,0.008181660031370738,0.011286752614063277,0.016851750390046112,0.01770536298834833,0.019478547254897016,0.012234221336446305,0.010842126947083164,0.02308034599505282,0.018538779917771874,0.019816377199298588
0.016185156126040972,0.016425097115539064,0.017640610648276153,0.021056562664731344,0.008556772935103506,0.019527902938700267,0.017008415260309172,0.013643078243262734,0.029239309600779778,0.023185289301527922,0.017789235788788955,0.01588452584366252,0.01400985561281064,0.015156851791922494,0.014735613316945789,0.021216284659814243,0.019459456187246416,0.021528795927150665,0.016689869903601093,0.012573881707961499,0.01440209431379383,0.015250683097608117,0.011021412138513364,0.011764977653861024,0.02024936491904355,0.017868764611227137,0.01760919140072659,0.01819952251890877,0.015623694682387394,0.009461634894058202,0.011854170911619387,0.01786241028031196
0.025141462395733494,0.029778387983528273,0.009726912540557896,0.008761111021690172,0.011298575172763526,0.018365487441357128,0.020851732451313977,0.01371547610583583,0.016113149746577737,0.02211352055835171,0.022076131917713057,0.0258332410531708,0.02529841314794857,0.02229619826026897,0.015100459306881588,0.02200622726465689,0.025832836578741778,0.02095317308689776,0.014335911869440186,0.015945849980801407,0.02304568225953998,0.022764085155707926,0.020031348742964437,0.015386688936786713,0.014031879716343159,0.020107651860782078,0.02858776041976078,0.021652157684390484,0.023719330279510516,0.029611283539274252,0.03049268840972399,0.018639346438224555
0.018545740263691622,0.019377000856249507,0.015144139126764012,0.011548484083279614,0.01100333529067661,0.01697666281396788,0.015967453885447236,0.016429052559793107,0.03127055170824404,0.027865418680842215,0.014251349983436837,0.009660579827761171,0.009631043376416234,0.015447761451071827,0.023114434627355324,0.018194250936323077,0.011825489932943852,0.017261504657358692,0.02888751132912407,0.021097797555431418,0.0223146066350782,0.010249890515164506,0.01089829559752374,0.015877827758242116,0.021090760451715262,0.024272259122804944,0.025409664547230204,0.01563452443567682,0.017387182586162155,0.0187859018357743,0.01869431825756192,0.017149710415858967
0.018115243110040622,0.014197543023749239,0.01665219519762445,0.028165477562003813,0.021869975805780005,0.025073871266937768,0.02604838107073617,0.029790063553727274,0.029518272627510132,0.036757672091618926,0.027287384158305415,0.01657133846964979,0.022230615182213368,0.03331020790474877,0.02270549211130862,0.021792282411626007,0.021125158965409802,0.01631946563746812,0.024427361265282645,0.03272661228842203,0.03371651228967292,0.020061135907161173,0.016305964772172145,0.01992757675199833,0.022105985391404744,0.017686356753814584,0.018141862929543697,0.02392760553689399,0.01675559035002511,0.0201749945036918,0.013428303592481173,0.015935558076559088
0.0203508735198666,0.01138998801103467,0.021147300617359487,0.02379862336243599,0.0146390145298388,0.015833521991594487,0.015926733600660322,0.018229451015345954,0.019957420305549676,0.02363169020706847,0.012408458435047768,0.021045074386469916,0.021559654198477468,0.02403917210493533,0.011423790180121065,0.02123422270608002,0.02131295467409362,0.02488511845940672,0.03223686384429639,0.029795241979148027,0.02078407501479874,0.017969283378351374,0.01598446260668386,0.011551592245472272,0.008566758730809018,0.012092354767465644,0.020528141616011724,0.01727701407594213,0.015522394105542013,0.008956792228305081,0.008831124940477197,0.008254569407800177
0.062428578061872964,0.029779483262743538,0.042767594576178534,0.03260689669888353,0.042186261344417435,0.05240376010752083,0.0646776718549048,0.06022720062127745,0.04456668978714543,0.04760037230949034,0.05792386357587142,0.0528144716317966,0.04865566485295477,0.04515665432926943,0.035084464540323775,0.035316459955886885,0.035024656258116314,0.04001423226519721,0.03860513297306605,0.027412879667624068,0.027070419996810723,0.0510326794056484,0.05236853822211703,0.04160279869186399,0.028024357765432724,0.03033451146682001,0.032809219563993484,0.055077206299468995,0.05297630427403284,0.02625158101861056,0.032820570826177606,0.04157320152433938
0.018957835220804433,0.018566970064066265,0.018607362557003466,0.020285853066932057,0.02290042983565374,0.020639860713406778,0.022782768546067658,0.018181502940732567,0.020035905284120328,0.016781022566737806,0.013604833778359695,0.010557500840303054,0.012521008574850766,0.023127830609301195,0.021899401006269824,0.021509741131709562,0.01854814090987009,0.024747528010833637,0.028916817253810886,0.02123677991387493,0.020045336779102384,0.016020342469743733,0.015097257864694756,0.022467874944108127,0.01808953486484843,0.018313086791011964,0.016427387161596013,0.022641751800858624,0.020783053937407946,0.02043983982124408,0.022424773211108744,0.01966488473086476
0.024959309753443022,0.02149891800484093,0.02848460865201823,0.02763044042326401,0.022122764096883976,0.015482036910175082,0.016675517994579777,0.0207938359153596,0.013718191329972177,0.011878311400053894,0.017314015617836895,0.022075652712620943,0.02273497922405314,0.021850042612162595,0.0213933313572446,0.018284552789849532,0.02207036545094708,0.01875920711265927,0.0121203063244338,0.012400339336101284,0.014054359023225257,0.02192001494786451,0.025002644316090086,0.024403977328819913,0.02111003024146445,0.014238255620238852,0.013922804703056615,0.02179052202162295,0.02117555112649856,0.019766725894383327,0.026495689936760543,0.032322334266487826
0.027115878081492562,0.019611923109097606,0.02436096090224274,0.030526639198869714,0.0342968977706864,0.02476823453303276,0.0217914136119339,0.037332327604155696,0.03573422515311823,0.03897991552733296,0.017929363649183364,0.0238791368864078,0.024710204092508337,0.0141093269081992,0.01433072153058862,0.017009008874456794,0.02233415442932537,0.01760221708203175,0.014567236258134894,0.02259511274187162,0.02943328126022826,0.023229402040688452,0.02090498637905594,0.022711054309080124,0.018782596076844287,0.017955131715584754,0.01802196061447447,0.014020549086213344,0.012299247768280754,0.020213836607218677,0.009616116231881433,0.01870188954791913
0.018629807263736812,0.03176624014171787,0.031000100597368123,0.025225148571076154,0.028503199385753727,0.022172911694126253,0.020923163751325094,0.023476062501686185,0.01704143275069574,0.016387270530265428,0.01672865565720639,0.016090389571520463,0.013273863104684883,0.014275045718261027,0.010406508453700888,0.016670011106976367,0.016102542017300044,0.01912578491888596,0.013935132329315977,0.017180189052584352,0.020733765342161592,0.02133461837373243,0.016305644754371365,0.017637489255080106,0.016683485903683782,0.01652190140049673,0.01231421545424927,0.0197248396675106,0.02222689103830463,0.0272245156164448,0.037430476905442184,0.04345333230329926
0.014310203482974026,0.01723154289852124,0.022299944331694303,0.023309836976641574,0.020525655475539216,0.02171933310049121,0.021068774225382007,0.026603240438371305,0.019424877817005966,0.031616102907136644,0.016076832209124953,0.014763932340989114,0.01784640752957645,0.02963385529593852,0.025006071935057956,0.01294376006396489,0.008608678914217882,0.012665871488959752,0.020766249552720908,0.023182248127367154,0.022779530536111557,0.014513653761070338,0.01535950697241329,0.020943829022560496,0.02743737613466632,0.029640122966850348,0.023603449478408405,0.02194005191424282,0.01947603361974614,0.023062134100981586,0.013629684102134387,0.018102623554965756
0.013923315126900003,0.013912560626231227,0.021189253621056062,0.021431201277315362,0.020868151734299862,0.02112480094663837,0.022279497507713547,0.018267701868470845,0.013522693801549536,0.012298597855724376,0.0108603087735801,0.007510840472711474,0.008981650473563477,0.00848091867532839,0.012139380537866963,0.010072484508274216,0.008860877077852967,0.011977738670846162,0.013268096767208382,0.013392573421323906,0.009620761778319824,0.010564868713205128,0.012060112245446836,0.013852845289804802,0.013763033041244606,0.020502370426049337,0.016182035718762866,0.017523019696420856,0.020999672666183015,0.016626679783757394,0.017286503396613393,0.024106008668704392
0.014983566512334746,0.033376524525219,0.03081528117764598,0.0192974855146504,0.013249154969129406,0.009945578454174849,0.012072578599331552,0.016749621210156027,0.012020441977758372,0.010037644980786544,0.01578519975041121,0.012191205279924126,0.0160756582952433,0.02035569294445719,0.020713874896292873,0.02648338857531113,0.022090400799014774,0.02088562938767707,0.01949766867347336,0.023379386780153555,0.029565969811843857,0.021884077261674816,0.018796398731587984,0.015269148613903705,0.020478948061743375,0.023885048739979743,0.01930827307728911,0.010768222518282605,0.010150700303442112,0.01695615081324889,0.028536060418623603,0.0325983852301282
0.01197654832452062,0.016250319905306808,0.011672173768849195,0.01142361753920205,0.030774648876136856,0.015856670563366,0.012327131317931034,0.024049910749112783,0.024707621931832013,0.022152161449708326,0.008924277119718434,0.01294115767327241,0.01234063148523838,0.010931390594918124,0.007766899158505838,0.0181838367221317,0.019984769616417375,0.015720866517141215,0.010803870161726141,0.01223599670255427,0.014080537312435514,0.015844570630761463,0.013791408769405652,0.012450752547709188,0.01951588278130946,0.015176409542351547,0.017618380505222967,0.013702876145342208,0.015182631240363967,0.015000215942756773,0.017271195660322966,0.017934179119584608
0.01692325661782153,0.016208092337267294,0.017186214782597926,0.023670635354128684,0.016461097818939893,0.018886585493242836,0.0208099934861098,0.01834033484548193,0.01701334287234656,0.0069819238356036185,0.01010516239363893,0.01374726652482135,0.01082499410840402,0.0051138585903123335,0.009633032652138163,0.006487571086967774,0.009487716979462048,0.011614296056134963,0.018166299624701093,0.02410870409533042,0.01653670924899954,0.009877260657982645,0.013018514790135279,0.008708931609873361,0.008244315382154827,0.013227393817231222,0.013247685522293032,0.013361162590226523,0.013067944251899897,0.01959917778783912,0.013036477093497659,0.00762437115160917
0.024973887778464987,0.023226915390032764,0.017381117008008828,0.013601492377501282,0.03230965684960247,0.02395000021356561,0.022054968000442193,0.015431978244785503,0.019370592597684675,0.02607544280349529,0.02374674599006187,0.028325657994634497,0.032240336418823144,0.03325510432649342,0.03729048659959535,0.030823359117503727,0.032680496148261254,0.022521246962096928,0.03655337136156259,0.035885885259711224,0.026465608423904694,0.031009175590987707,0.03094693996983662,0.027884108116853736,0.01871569667478864,0.01747452050892628,0.019455181947268457,0.02322396207267854,0.02121523104289975,0.01783975654355626,0.01351340587248828,0.018351640149836222
0.024504124485038487,0.020932907766044954,0.019123472893852647,0.023079907024036717,0.022541965206415413,0.02185022195800862,0.024178371113431192,0.019219655751766658,0.02274775582495971,0.02578292438892743,0.03238651328248636,0.02425057964359566,0.032830314965250795,0.02064411942830425,0.021037691014649744,0.021284390980310625,0.018626734603291888,0.021845359533913082,0.019072433274035204,0.018387070617080312,0.01674547036164562,0.018914783212014348,0.0204031768433369,0.023488946616161934,0.01636428074101423,0.016238594420823923,0.02323436096077333,0.026372044410053353,0.02398964090522829,0.030582009037247844,0.032416561346365495,0.01766041209065092
0.02595037162422778,0.01630524828705228,0.015230359528284065,0.014383107076574385,0.020917167589838206,0.02781012989879946,0.025665118071235712,0.03377812409290952,0.02970327284299734,0.033657552848085026,0.019102394621216698,0.02638982442511164,0.02486291332166971,0.025173393143367105,0.01645805606166263,0.020515895084958602,0.027317656698962876,0.02675490311893299,0.01467633910034817,0.01838317541830609,0.026526739445210334,0.02730611454189164,0.029206839465446156,0.02739264075842239,0.01779994751009144,0.021532132343951068,0.018422348824522268,0.017655973916424126,0.018833336701927945,0.020343375079231476,0.012430059129942786,0.011631357293025653
0.020124683211866414,0.0225813517073437,0.006785541993661572,0.007262778134410954,0.013962844724636264,0.032611122290616815,0.026312590759812887,0.011604097395470202,0.018376125039853634,0.018953212879544164,0.01068529337070416,0.01421471744419406,0.01965519098084551,0.019413139940842858,0.018470148634120574,0.021118339483854033,0.01581714405714442,0.01450843761360148,0.0065974971641530175,0.009039610236977035,0.023095034670443177,0.029265540445103138,0.02298104950923946,0.02156445602479564,0.0206615166919176,0.017773020918899672,0.009873371921560958,0.01702866103946373,0.018089966313419404,0.011787114768919716,0.01646633800980636,0.013613900975754814
0.02015990748162196,0.02494719181767565,0.022712017160365777,0.022439647947079876,0.0320188003537936,0.02474389266763538,0.026178888736304282,0.026897525284754902,0.029260572992918114,0.022027565964301686,0.026115174596511342,0.018646270963139037,0.018593124616791704,0.025410064747499874,0.030381768196228384,0.024954294656957098,0.023637663143197554,0.022496815979844643,0.019982183452280974,0.014760320379393881,0.010014005729222557,0.011898132202483157,0.014169877155462135,0.02018357082571145,0.017289229395054496,0.02413072657568464,0.023096995184970326,0.019208689558771818,0.02955025186365718,0.0236739834315391,0.026319771107126126,0.032528451755202394
0.01804634659779032,0.021644588122319775,0.014048259113971423,0.01819195732988294,0.010534119790291478,0.015287689548384838,0.016075345371758948,0.015284958329045459,0.016895067423423334,0.013592410177636067,0.023330594116404348,0.0289033737682589,0.02796299756922849,0.012405896770069655,0.01720760135451188,0.022401529917256316,0.021573167018036608,0.024361046224514064,0.023461998908332865,0.018394422153905,0.015361857925772123,0.022183398753726175,0.025931918501695385,0.02352913930042308,0.032813839381115366,0.028230883708281366,0.02564532169120191,0.016692101689932928,0.014952526982322249,0.02847107620460494,0.025308757513381235,0.018301148845776105
0.011445698939313938,0.04050360473634755,0.051425432593610654,0.04611074578190315,0.018508777600385523,0.018631910277174656,0.01886663264359125,0.015251297499201287,0.013406459549470628,0.009519107602734292,0.013584332352048692,0.013136509897501317,0.015384757278835263,0.014754384828585711,0.018409994689090763,0.012637606463925045,0.017772809195272604,0.021297717420254717,0.019378274266292753,0.012091870691078468,0.017094781429516794,0.017315234303011306,0.01467936361320592,0.012627222240342493,0.018780838658929752,0.018488344267399485,0.024374531793999444,0.01767733704486242,0.020490378888392786,0.0341215834518157,0.046778706791638244,0.051251701844579056
0.013515872015532624,0.012975976284083326,0.023006426144165867,0.02333729553114594,0.023602492509758845,0.016912100835335755,0.014175360531789907,0.019817257624334186,0.026901987485445387,0.018864584851738687,0.012678889253956183,0.007526963490290789,0.007720603592909175,0.007695973012671983,0.009812412843598052,0.013545749179285829,0.016792486034668395,0.020188790811250905,0.016049754614301054,0.019484398543292734,0.014685822932683534,0.01547177533581522,0.014989796689409989,0.012740453101569071,0.014094541229848602,0.013901957818448723,0.013770321283939827,0.009565356945899524,0.012044191396729997,0.015871678009064295,0.015725857544624352,0.017708425427274077
0.012846596040010167,0.020523245843644188,0.01778351633774445,0.02662501601595533,0.02058766728271333,0.03040649304287955,0.019376795330072086,0.025608177573147848,0.013003292833552709,0.013316094721844033,0.023324552621567022,0.021942204580619507,0.022193785369468325,0.01714073889980788,0.019359109844575,0.01493613076859628,0.016213781206941346,0.015269015115123883,0.011459840217360188,0.009317241413612573,0.009468226993359405,0.013592436291345916,0.013365722654659611,0.010825091957389439,0.01597797585424477,0.024570079357132686,0.030189004219219735,0.023585539761908896,0.022263428201915028,0.01900683927337913,0.023344713394914604,0.024336290003464992
0.017101569990879615,0.011731237460894016,0.010376905828765293,0.011588203281305215,0.01773859638001565,0.022137457745104363,0.01564561261708624,0.021214052510274237,0.016196835976180157,0.01301237471782979,0.014073027637642897,0.019278181218790002,0.016114657930504244,0.01986101366658496,0.018963676697240365,0.025055285425136017,0.01838036262687601,0.019758927794276456,0.02647169756026171,0.02328777882828963,0.02038609059907984,0.01790482630094944,0.016573459137049187,0.019338037900560733,0.011046717054008665,0.014097545367552446,0.012947370059978525,0.013986612069389129,0.013107295909271628,0.014240569767714288,0.017926891900684944,0.013890126585914412
0.025654994740465627,0.02730709023830868,0.02655178363281588,0.03151142510062501,0.015451718961612133,0.019287063777106504,0.017606509069044082,0.022104610497755268,0.02984997663801436,0.02968095125107869,0.01616000473074102,0.017245057536222963,0.01967139798905966,0.020132727672879963,0.01914815252755613,0.020527370126111978,0.01891753457090012,0.019136821395441872,0.016901470991035977,0.014808422805429744,0.017794653209370955,0.017734476920546183,0.017760723408868286,0.024251510969369332,0.02731723701765859,0.03475184979775584,0.029918447670553815,0.026224770170983114,0.024918585668025267,0.026149223692764716,0.03284069559064927,0.021172537729264765
0.013298453702852004,0.007606913493029548,0.010471712447420237,0.011000342322381573,0.009093545778418739,0.011185991121495705,0.009506977241059929,0.01347488747111524,0.020434042127643423,0.023503012835418658,0.010665010571763563,0.010785715963254864,0.012518969139214894,0.02008018499847717,0.019463105970568884,0.01772816468592881,0.01612100639908632,0.019690725066512517,0.015366894368659192,0.016364400945711493,0.024035417765235594,0.02097685360563389,0.012855457910996715,0.014699182975222986,0.019999707094474118,0.028526374965693206,0.018637220563543524,0.010735642781131344,0.009429850778012018,0.012219174538260647,0.011542212869805954,0.011400528769913456
0.007737023181685573,0.011126668269893253,0.0198251077729912,0.019494840578210708,0.016587190882580607,0.009628821319723781,0.01390878982160353,0.021570326694423974,0.022802151292250307,0.018820659641079027,0.014512150101772921,0.012976647463379079,0.013078962247982278,0.012456482125270153,0.01597378053153123,0.010775784642756138,0.0060575313423249,0.006786072765396953,0.015205280741130568,0.022605392845681124,0.015210067924497313,0.013222751783038368,0.011417948716798298,0.012697823001279153,0.0261664953531526,0.027779365969284354,0.02831276832674722,0.01569136035855696,0.014671165993631441,0.01776489109289629,0.016183116111586713,0.017090029195737995
0.019515738609541346,0.02029788190080199,0.018625810103753828,0.020145871319504495,0.015365710936973108,0.013178702983248079,0.01328916923612697,0.019932554159061915,0.013083519729188914,0.010287597068125605,0.027719582460705664,0.023264531992537602,0.026202736928448555,0.022317530281017423,0.02033138873406523,0.018373096599127718,0.015012810088044804,0.013654410846532792,0.014898225078972137,0.024703908776746608,0.018865963474485416,0.015867066054316214,0.018916861464542415,0.021127445735861037,0.01651645774652537,0.013417830106971682,0.022225223230555487,0.02067784614532754,0.01515875373367296,0.027438535191811476,0.02120724867243549,0.016956027268623247
0.012429270327296337,0.0157448189597372,0.013500786818614602,0.015513696548723345,0.017967357923222196,0.015078432539850323,0.015545449301534965,0.010889914413444153,0.010004041551697524,0.012575909012324407,0.013840910312379145,0.017677959474813158,0.016556080595326317,0.017824732435399154,0.014884489225027928,0.009617962456690228,0.008398443353790933,0.0068855861252839325,0.006695382488672161,0.009231499423938786,0.011685598667224182,0.01326900249658379,0.012493153969693683,0.02043448800468259,0.01387812439496716,0.010874731995042769,0.015495143708152363,0.019420064586377843,0.01835116739708449,0.018154190851221,0.017949930697905205,0.015976114644905032
0.02166039430134482,0.024130763105184756,0.028135960200936363,0.019508104954334235,0.015176173517869934,0.015864400714102736,0.012476762134687009,0.010503459372416908,0.014874709361407003,0.016220254429924773,0.01141394785483025,0.008360806860276513,0.01042915483553871,0.013222069286174823,0.011981685538217794,0.01437123509685296,0.0124576076632109,0.01350048483192138,0.02453218985061823,0.021519567409206655,0.014504626145390354,0.013415008682311796,0.015402392294113235,0.009530763104379714,0.014628346416293988,0.01593453519016668,0.011981956186529892,0.013405070324644101,0.01706033428213206,0.014278808489019907,0.013833023937572568,0.023505962085244223
0.02247248873996163,0.016376075414014927,0.01785197651115716,0.017283181512213353,0.01336568646704259,0.02138267777872669,0.026105332720372534,0.017406470263018746,0.011143565875691885,0.022149075605218203,0.02426128369307357,0.015335204388917814,0.013249754364778406,0.01613347131204262,0.020600869974605432,0.01640617476532267,0.02411673330315875,0.022395937924007295,0.019939001995902886,0.018576912430571847,0.026260090533623354,0.020121598675531083,0.022865760706745786,0.019480717297699953,0.009816580389153718,0.0076377470290920155,0.018674895914886636,0.02528230304623491,0.019549670064667176,0.015061100571574627,0.018080249658445943,0.017706371677300534
0.00704016774606327,0.014633519850311109,0.014633146468575749,0.016315336534526003,0.021912900531635814,0.015542098502083497,0.013383639683739866,0.016312196298438834,0.009398884327205452,0.00814595906738124,0.010513738838600104,0.01191077306353733,0.009914360343028686,0.009006593103921344,0.008039507282531952,0.008088112555373091,0.010040739074140069,0.012185517310064009,0.012088917835558797,0.009601351096817246,0.0071384422225075315,0.009165851667786717,0.007077772576923932,0.010093962614069992,0.013900151222661932,0.019874310817545923,0.0075238292809981285,0.00868240101084495,0.011743054140819394,0.010435156947240098,0.011756098299179348,0.010945285429672685
0.01628765440520513,0.04421556602464391,0.037372540325761386,0.03296238533391733,0.027919558215161833,0.02198268437674516,0.01690298638797561,0.022313360129189087,0.014257027410822028,0.007896921347543332,0.025020235627367327,0.024870773994015317,0.023890391376581197,0.0123303851282726,0.009833708648775107,0.014678804945674952,0.01799602615943896,0.02210809961460217,0.018064583646928933,0.017645504053660773,0.017127657633149093,0.022442172255960676,0.02238049884918992,0.015195528544164475,0.020988343854071886,0.025701037585501595,0.028960200986874223,0.027977887728758796,0.02906768411379718,0.03451529805911719,0.030434797361912597,0.035935107614006964
0.018823966934446167,0.03179073859500504,0.0321394587709182,0.027800852845816123,0.023517329286101944,0.027563085972291932,0.032294148716908624,0.027338348358078583,0.022022456239590878,0.015865993488255604,0.023862151093056106,0.022225906627623866,0.023745513769234425,0.02684688276101868,0.029535029537231625,0.02700956053363055,0.022030159448557705,0.023205903491961347,0.01607843819462558,0.011159380576608091,0.008777998009259838,0.015410900302524627,0.018897853060906886,0.010147512677949538,0.010869512834246057,0.009301750352971368,0.00898967223263075,0.018854565927798547,0.021962860056813995,0.023094692450703648,0.01569923922236039,0.02752752109589528
0.013142377331126116,0.023974662038715306,0.02469982185577171,0.0237074625451812,0.02213716198162766,0.02180884235887379,0.01793646915431534,0.024183927221722017,0.021718135625621506,0.020078317766348382,0.01986974326599014,0.02729014909322677,0.03609471945735831,0.029575875092195485,0.03308697511577485,0.04052015840915546,0.033403403203780345,0.03337295627568669,0.032252678326176294,0.026090321854893475,0.03360434558332778,0.039223151397107824,0.03680149090442112,0.04065988972698459,0.036166082604397035,0.03375189027409489,0.032109165282451245,0.030540439044379253,0.02304786832730494,0.023652543451478224,0.022379423732428516,0.02491110388300155
0.022685026871823225,0.040342454758662466,0.02192791305188783,0.018749121543954965,0.02163525799251467,0.028078600469230653,0.022073254278562215,0.012951165669082486,0.012378718446438996,0.012966724046976215,0.02771626379371612,0.02570871489417518,0.025953846198690306,0.039396599147393775,0.03547865559995212,0.027905892945358193,0.026357265091936845,0.025341735452399552,0.029336963136843513,0.032037435738461455,0.03087837375076162,0.03258561975620617,0.031951461813242356,0.033646912132958465,0.02482421021716854,0.02586363007627482,0.025672573854989087,0.037985722189794145,0.032705097360464626,0.038911087947656506,0.02045283736561042,0.01575382471947435
0.012068608989934499,0.017736109426962323,0.02160673650359848,0.01780421521837137,0.016403206969222046,0.013691790261017512,0.01737895372126955,0.017725997228554537,0.020802210170374372,0.02377879553812971,0.01157754710190038,0.011488512437642779,0.013443491350897431,0.026849831501967528,0.016744887279769395,0.016719831703793885,0.012527069182277011,0.014067014773381917,0.02044115508992837,0.020399503322403784,0.01779534151024419,0.010087472487985125,0.008260524988489464,0.01612987115110788,0.02238258738577842,0.027089902024908952,0.02199095375862768,0.01671043285121079,0.0174211847777445,0.019826258353996755,0.02609357818680145,0.02438944211758253
0.01786701404399498,0.028500172677831483,0.029036656035274677,0.028108054782327172,0.01943049964862959,0.02504872103519633,0.017405149404988315,0.010619850179000334,0.014980234113909426,0.015249826220417036,0.02238542907612594,0.019304752478773484,0.021375533845930907,0.019459846940883634,0.01685983378529962,0.030901299294464068,0.024972478109080418,0.024441752195324323,0.02566451232460579,0.02455580259101601,0.025884060315649455,0.020549613391051498,0.019522390914164835,0.021340307138671098,0.018174183845690205,0.02224837952430096,0.023118790031289464,0.025478271976503913,0.028256590012280466,0.02983593996633453,0.028149704036433985,0.0278221349448768
0.013722947615826708,0.018955241972045386,0.016512171296100987,0.011335167288293794,0.019823451330451394,0.01253352158021351,0.014173776746351067,0.02602167916001365,0.01448034534468854,0.011166751334527762,0.014669568668975192,0.015414981328011697,0.019597507323968952,0.016915527697718747,0.014166831632439683,0.011540847198162618,0.009809440609186445,0.008248279204779293,0.012724839458552151,0.015573596780817591,0.015392482863863934,0.015059687417803136,0.01636096323089183,0.017251016135038988,0.015094525196992826,0.015092668792528921,0.01258903359097214,0.014428922330384583,0.018976818257678545,0.020284419544892626,0.025650151352809916,0.015242616502798748
0.019454220366445504,0.02061145214595078,0.016714310471436542,0.016005960753010005,0.02132305693151949,0.02477737565002475,0.02314305234967259,0.03581744633559912,0.015091871490100363,0.02238265983640322,0.030708784403096608,0.027830644399398932,0.027016211615716015,0.02462654681092937,0.02204802434149648,0.025276974908591845,0.034622947450232526,0.02794875098643402,0.022278012752618172,0.025684179403709956,0.03893571141823914,0.036563273069320466,0.03286509927282399,0.027477250771778997,0.019689950029301063,0.017598530798164418,0.022922572083335854,0.02603783550507939,0.026095245088335668,0.017196947618162855,0.01031910048617561,0.019429732007370155
0.01160185203743568,0.008896216795127386,0.01217343804947553,0.01203091097096554,0.020642915052268264,0.009285216495853794,0.010013285603893807,0.016570932872554747,0.014749543477176916,0.010532973829252465,0.006322479235661788,0.009015284037871113,0.00900011767482659,0.008873427957209664,0.00860362003220553,0.013039193168237158,0.016633861428152402,0.017925954124777942,0.013129008114894505,0.010787019351958001,0.01030387595969782,0.012518852981600173,0.010451916893222031,0.008557945731443067,0.012652086537060861,0.012769394454950952,0.012527155849908406,0.009097843288637608,0.010813828612803424,0.020001168246281967,0.015282848722877286,0.014519495144243508
0.02425152753049729,0.01318863959700038,0.008407905136928847,0.011551409728527308,0.02070246513190601,0.017707225559627154,0.015821966636350562,0.019063274893139807,0.02135225196706166,0.019684151548304798,0.016124456451781767,0.01802013810443311,0.02658832364149587,0.027795791519185195,0.0201254718070183,0.025655279520778937,0.020921297167976086,0.018095712281747552,0.0195412926669678,0.019842859063310465,0.016300338506438073,0.021940005581437976,0.02162132885223881,0.018366785435529213,0.027750055954707187,0.02464888078648951,0.022369846440873628,0.020128068313737826,0.021890823098203574,0.022741287017228592,0.018800399139010795,0.008102833044226125
0.025414151422903385,0.022870951216634933,0.020839878311676392,0.02242576791635038,0.026310126238462836,0.019045093573692065,0.015690261554795186,0.01706857952131997,0.019478026827760328,0.010952928838796604,0.01361589868046196,0.01681758155866124,0.014372139577200491,0.017416698924940816,0.012802501774712698,0.014319503262690434,0.01656803499891241,0.010523023284371819,0.01615828225331284,0.016316313791455477,0.018364995079924833,0.01915647047668437,0.019872638949594672,0.03409006658467007,0.038317250312938145,0.0316197139377817,0.03293697500939239,0.03747584048552014,0.03451501660658199,0.02795322725610757,0.02322643271593851,0.021057353078321125
0.022558755034179572,0.021302962139458797,0.01477777293381966,0.013008279927269235,0.017695249603831727,0.019923915074176245,0.015878552338555316,0.01183443789011029,0.01488029494103351,0.023400932630815836,0.011449523135288202,0.012046757082070047,0.021726027339366794,0.02113889678739761,0.016587177520690194,0.02023760628042835,0.02130670283439982,0.020421684100166725,0.015884648861840628,0.012070980982796997,0.02069032497822849,0.023313910275108513,0.023151441671169958,0.023722643809669954,0.02528570920618154,0.01910598838476184,0.0211468003133942,0.01637681382102037,0.01826371623834095,0.01772822413413062,0.023885036401096,0.014890101921578172
0.01276349189939615,0.01639946937250823,0.015366873811947554,0.016948564544794383,0.01755996907025068,0.012122426365224596,0.00847836306330973,0.01189230337420452,0.0178468159183906,0.010722353754819001,0.010311194612777035,0.006084643152112149,0.010785906919583858,0.008848081386173316,0.01316317771659819,0.009317838157758414,0.00886806870539691,0.014790142637711858,0.02018601855250781,0.024990007478264933,0.01949959420500332,0.01181154525143733,0.008694602599161693,0.008145568699808758,0.014173293427646175,0.015961880927939813,0.010407892522824947,0.0062814134759841085,0.013572642562632324,0.021036156749338977,0.014089004310059387,0.018269016217798483
0.010686775386622325,0.018302265398745684,0.024956748951575757,0.028543442135702646,0.024830789365569778,0.011141357794350474,0.012202951703179404,0.011941541144419966,0.0167192338540136,0.01660268730379169,0.007128244575882198,0.009794710059055153,0.012380051675107986,0.017735358037727755,0.010094985295569483,0.008968531045549153,0.011479060716994727,0.013169499691781269,0.018086750772690802,0.019954903289773944,0.0169021591892679,0.009026786661201082,0.006761753360092624,0.008920999614593202,0.011352429184417324,0.013679524139547265,0.01396974644683705,0.010662488828752764,0.011354696624871385,0.01565326951566265,0.02050913254995016,0.021259289460902966
0.01740033620448335,0.01875298513613013,0.011606959644750501,0.008712802961393278,0.016713102259590787,0.019630249575189825,0.022374285188965132,0.014605958512950086,0.010954892363276507,0.013459715931584277,0.02639060853636263,0.020145403292322395,0.01867513828798367,0.021224227879500953,0.019012184181177637,0.028207071600587108,0.02224972110253033,0.01579606103799461,0.025946135323493637,0.026715558288607506,0.01887154928208684,0.01497016716262164,0.012567163398954057,0.013991212005172607,0.013073615962989055,0.010970536228554643,0.011249061959690278,0.018715166153814963,0.019534148453793317,0.01484591784000223,0.019845795108204337,0.016293980082792012
0.019284758018585094,0.011451984928941925,0.02361040901870454,0.024342066618969684,0.007251939214226936,0.011756756829675379,0.013094513608202673,0.01354587947785166,0.010745658115165231,0.01258854211928342,0.016300915371844363,0.008819185972588949,0.009378176396087338,0.012097613760450562,0.02442317118138896,0.013592198310823084,0.009434712580716376,0.009418736814069534,0.019338518429175618,0.01903984220950865,0.022405137129884678,0.014544676559054724,0.017390936940627058,0.011769561254927629,0.012176247605560842,0.014515113484372162,0.011236368949521963,0.013046342062201299,0.008278294961737213,0.010668615862700783,0.024896569722878542,0.02290530832713785
0.019643763587175334,0.008692901605124533,0.01155277567299011,0.009315121140128198,0.010505799940393433,0.013186156612105144,0.021542921357968682,0.025436312645649873,0.02223027886703678,0.02523527827960097,0.027704897810450414,0.02876421453092323,0.028063975105464854,0.019111262596041102,0.026372834572919578,0.017692453435147228,0.022856300913201923,0.026603660285356767,0.029577000645725906,0.02337069082328044,0.016296657642708035,0.015590972047885017,0.016599973105300547,0.01809541757193774,0.016686651950142233,0.01470455408942255,0.01220778955437799,0.01211443084034045,0.010989760834154627,0.01447350830526112,0.016966405424273395,0.011708174519072093
0.018845025927971274,0.01610274861489965,0.018107574748157385,0.020218227167142007,0.033729180309662044,0.01904083996504475,0.01833392022840186,0.02796247181713925,0.02678705296445492,0.023004983602350624,0.01964178629439138,0.0194447053119837,0.016831039678886595,0.018796851236054308,0.013678849239062166,0.009705581302512882,0.014424342180850659,0.013640420818467199,0.014583045102800467,0.01769361739361343,0.011160233006950786,0.018911355532756764,0.01767719992459249,0.021569230873749835,0.015894217289281132,0.015891225111074044,0.026337822623113977,0.022317089155118593,0.025028700468458013,0.024170900572943462,0.016190773517371033,0.010787689965118948
0.015790378087809333,0.01823721596685961,0.016364370610977067,0.020256202666468305,0.020053778798057177,0.021450905576777077,0.014974353536455428,0.020004035656053732,0.026193159967469685,0.019706061170063124,0.022609607627920806,0.018052108391906147,0.014472827835059245,0.019802396673295024,0.025597533807286788,0.029987011751589188,0.027103032580943733,0.030262977773043993,0.029845280293420977,0.03053234236222613,0.028703287232147427,0.014084209924113973,0.009698054754621559,0.01286053352781284,0.0348895003942724,0.03191668256210841,0.01888126169424759,0.013527775031848578,0.012021215215102372,0.019918422297854614,0.030469265735731655,0.023225417724728695
0.02197237944244326,0.02719020816947454,0.019772965922570544,0.019060680765988016,0.018421286324099912,0.030310206520665343,0.024501214408046673,0.014328799456216254,0.010102270850237608,0.007677111100878082,0.02145984914254697,0.01579245458134434,0.013624412500507914,0.011796967987806354,0.01939916852559539,0.011339402680663413,0.01355444164710435,0.017815350070488626,0.021741712951705405,0.026102799878727937,0.026932780501575996,0.018869255040490633,0.01511141632312352,0.023986734642719325,0.023918811541970883,0.02642368633433756,0.031793390669725315,0.030687639384392083,0.025436681882292443,0.029801434914142784,0.03489583411724212,0.02370360534009152
0.0174757405425215,0.018448695857391836,0.019394065355017413,0.016492168195729868,0.02040623520718565,0.021130293218863058,0.024166782541096464,0.01654883241730524,0.020969409920665014,0.015078834358368614,0.016603216867541393,0.011121019050003513,0.00892365835432099,0.008623558688896192,0.012300542809396076,0.010819052908526338,0.010059925624698558,0.01033628530571605,0.010958572076738135,0.011831717048450386,0.01613985379295766,0.015245334340836409,0.012988955090770086,0.021648583391093153,0.02417710657104485,0.022519749832750197,0.021271945529658564,0.02065191974372761,0.019077401187981256,0.01548855573389458,0.01826164120668344,0.016017029075236756
0.013624269135086284,0.02622904233601171,0.027817178678180392,0.026918579496088616,0.023791757033365467,0.01999250417254125,0.02439001949453328,0.01915683253491001,0.024913300252707108,0.01892200096014494,0.014074662595972173,0.018348000449169646,0.012788570854201353,0.01349744651798254,0.02426179983216211,0.010280825270619071,0.015492937521579167,0.015430695933635915,0.014541528009738961,0.01140689441799879,0.011215441366769252,0.014153964951561725,0.016092439376538453,0.01389024248321023,0.017595999353544466,0.01739846465260498,0.017696526046127044,0.019661581992158957,0.02003194791647794,0.018961315582838686,0.023383778023134055,0.024597462054199527
0.015540946480671869,0.02018038726567633,0.017754358201720118,0.026353273523952662,0.02079776734718844,0.018233332116274804,0.01638417185690282,0.01465371729135141,0.02353128143929095,0.015220515520316344,0.021856522432580003,0.01672973368858341,0.015903419440149533,0.017941140129963975,0.027166912658472167,0.022186768556136417,0.020630450522801488,0.02245861408351887,0.022369347807259327,0.025983745162281857,0.019921503249562118,0.01776911805267224,0.022648745910692703,0.017265382024171664,0.014426864876268828,0.013996795614057716,0.021194375751466463,0.0267191023645267,0.02473218631190968,0.01672507278317069,0.020681792735034083,0.01841745955251154
0.01492609797483873,0.02336785853450991,0.010509018898393308,0.01719914317668803,0.01573495784691799,0.015675436989044805,0.013679200439487811,0.012349361256205206,0.0215757069930683,0.0264152701299448,0.013511426528723988,0.012528863665379697,0.009643084544475286,0.01721348891954883,0.02681334433148185,0.018657163058814888,0.018036626194469774,0.014300189118729864,0.01618823064130363,0.016637122170337595,0.01543285224132301,0.011553067059201705,0.011262211901287258,0.017161924388100068,0.02517224055992873,0.02094645782107795,0.015848056359057186,0.013113182004762292,0.01478006130864481,0.017247489184155602,0.020919061885016504,0.017576946172260216
0.012381315160886832,0.03283590322493036,0.023868828757138777,0.019038182356557756,0.013068713472419958,0.013998658596985084,0.015137369041818852,0.025324121790487805,0.021890355565276173,0.021421801616489884,0.022630189212948352,0.015618234191314124,0.019685021486183462,0.012687179357046455,0.009315224241722162,0.01484771795611396,0.0207636015020242,0.017303468477231368,0.009103115282375973,0.008519869823962732,0.015537086016076316,0.018545371707423132,0.02070405504749656,0.038478973484874154,0.0369345669488943,0.024267031083790806,0.028781023941210165,0.028179421446489782,0.023333327050001976,0.028642151874303783,0.03307041819779234,0.033002983074598286
0.03293064902873575,0.027598419981610674,0.01929390417707685,0.02313601281416766,0.030696327279357425,0.030972327016102648,0.0214186379764029,0.02464171590958099,0.025314207721612653,0.0280075633340597,0.03486930890846749,0.03335340574676992,0.039431879634005115,0.020025223469133022,0.01474594107711182,0.02325900024225992,0.033995969695239395,0.03101542441289781,0.014367794566947055,0.022956392061242212,0.035857110947015464,0.05904069029661612,0.054767343614258786,0.04218398824170464,0.030412222067281298,0.027209793872926137,0.03665336563921922,0.0331443290078053,0.03154777822655478,0.029669046927674362,0.028015644036466742,0.022208326427616144
0.024950253421069955,0.02821397859023451,0.020359666520819355,0.016714638143427978,0.018560091830052618,0.016554967636207736,0.019771818795915157,0.02436290719406451,0.01365950627777439,0.01324225237841227,0.02404531154384349,0.021288336339875806,0.01527345894835527,0.01106885101511871,0.009569383708204987,0.013588498592207308,0.00899924652698553,0.022522928766086962,0.020455248787406694,0.02376619788289158,0.02106918679614895,0.01474241688083654,0.013881648717844277,0.012025692594876403,0.019165915996816354,0.02150819190896238,0.019829242942723573,0.019105742753081457,0.0207354682031872,0.03034385172010672,0.027709360428662382,0.016625575194690646
0.020034655328988654,0.017828468910105335,0.016072706435047372,0.0177516745162698,0.026140640084724203,0.024055991144871454,0.03227103170273982,0.019682688060564554,0.014016040499126884,0.015630299742921714,0.03380527025884389,0.025141438927654042,0.02765958119652652,0.02309681047562508,0.02038689356422278,0.02291538564592715,0.01954839396729341,0.024967752190060807,0.022463774736967673,0.021188716317923004,0.022627210961762585,0.02998083588132885,0.027435417687787126,0.027870363905451535,0.02288055987816625,0.025013294787175608,0.012879651260649506,0.015551138914015649,0.016366687128155335,0.010277747067063225,0.011877117404806523,0.014052877769550522
0.016813943480555343,0.017796926475392695,0.008765144532366069,0.016160217136319464,0.01705214868130009,0.018429817088950296,0.01490628050601329,0.01894449304300376,0.031042809896790136,0.015612254246171353,0.013653402886740003,0.0135845398535228,0.014034530422111587,0.01521267141385891,0.016098916744946807,0.012400509550859602,0.012211157251496307,0.01012332289449094,0.01277059566146469,0.016713026546263214,0.021322900317345853,0.017918446429165326,0.011582114088089181,0.010283821084655052,0.016715460056757763,0.016632339272143727,0.009731720256484916,0.007606997084307701,0.008940156932030145,0.008269872619280685,0.011562447735386425,0.009996884891434157
0.01927965918566026,0.05094099971641298,0.04423532075962424,0.03836580369899415,0.03409896532402504,0.04353218191638041,0.04139032792037154,0.032620864744132894,0.01216512509949414,0.012056087311042418,0.02023167055517502,0.03313632753649633,0.03777148169459841,0.02703901312071227,0.028869304652660795,0.03621775180482218,0.033621056586886536,0.03440646231201891,0.035252931991066584,0.029592777156153886,0.020976312292905707,0.024841756419346765,0.023108462172680398,0.020134629469908155,0.024788914694703432,0.026556290634171364,0.016632312036364356,0.02117362255207758,0.030396127313731845,0.025544995759570026,0.03585148361797473,0.03990799615756733
0.00904787880686341,0.013868822120413335,0.013025171755266027,0.009190235322673998,0.008891846849148715,0.010175110239632527,0.009671518603144039,0.014392179773726654,0.02015285682718349,0.014762839260909842,0.005705065972556397,0.004021974885608391,0.006203436514841602,0.014578375475497826,0.015412419385242173,0.015126687562250347,0.017115920752257947,0.014604956133550158,0.014497071253777664,0.01346358300181379,0.01533156311062837,0.021318971000901372,0.016843864982117568,0.01508593679659146,0.008259540697311274,0.017953109094273573,0.018216417546605985,0.024363882702546823,0.022127661833004932,0.01791927673514199,0.04237849605995363,0.03061707988946087
0.015134376097343537,0.01757322892305572,0.01345765894228939,0.016626129492313988,0.011266189184292891,0.015694287279521903,0.018651468144337716,0.011246258871365485,0.018594057574789494,0.014770843766010693,0.020428318240938922,0.023571360451312088,0.01945994226066028,0.014003398805088623,0.009468118156531986,0.011524826400427787,0.014707633957581326,0.009659546641586431,0.010117759823452501,0.006435531681068896,0.006083860733395597,0.008357027737807573,0.01256391699997374,0.016760137235392738,0.016202544833304824,0.01372432275992423,0.015199384101290531,0.018297143342515594,0.014663545679611936,0.00943783646107736,0.022743450988028092,0.018067740813847405
0.018381888729233898,0.019879462378178687,0.02297093537287702,0.026160343203521768,0.015395875464460702,0.013641484089879455,0.014719374121058568,0.021134714953164727,0.022142937112232843,0.01028443142560153,0.01792105620372055,0.02000311470745374,0.0193577936672502,0.011841734702370267,0.014319382990573098,0.009965263824976712,0.013038919237266482,0.01621704556943613,0.009511391747622945,0.0071837343279485075,0.008241866652118013,0.013029934133512827,0.013874077986535286,0.00841398664675459,0.009936776009129615,0.007577901097053652,0.011542076368741602,0.02110938801168632,0.019919687875730608,0.025328457172735314,0.019929515845696678,0.0218381747546192
0.019878636087388078,0.049737076092827265,0.04283677894968198,0.03797865677134557,0.019616050283055686,0.02877770599371373,0.025884157357723377,0.01686532581445501,0.0231203653425547,0.0258535156287414,0.00980186429092644,0.023140738553870336,0.018291605860623346,0.021305206482655013,0.013481314350140121,0.020061371075327003,0.020023216316955906,0.01824535913471845,0.019037582831642107,0.013741202813425736,0.015818327237195548,0.010214415766369053,0.010252020791639206,0.01619306430435517,0.014789411754214445,0.015315763774737517,0.012496093904320722,0.018861903754066888,0.025181164453767682,0.02201952921444527,0.025952084536828804,0.023546612474936165
0.008499229089130533,0.012434463313753846,0.016242903627269472,0.017719547682352805,0.015306368251997321,0.011042336593641304,0.013608488827873178,0.013496098614945107,0.015807143054560317,0.01408100018322233,0.01355975209582837,0.015145359614802631,0.013614258424361533,0.011010939519559745,0.006921449305355221,0.01747106321783323,0.0177605537095401,0.017045413742527694,0.01528464888757495,0.02373925574679293,0.026629558496230134,0.027887727075798768,0.025283429751619648,0.019169684999934992,0.01892554353980748,0.018443730174738267,0.021048335882021395,0.016881729201349935,0.015789893394115205,0.01774566674195692,0.013292481074205921,0.02086148469073992
0.018008083720131705,0.029490005074501696,0.019092485917069708,0.02074495123934675,0.016297449428582765,0.019233482235963065,0.022044855550984274,0.010328170336204102,0.01989113634581107,0.015350653994954094,0.02265631741405019,0.0352702983657883,0.03086389104591684,0.031158338381970525,0.015993224387376215,0.02388262076986106,0.023695589241086612,0.022705119952684306,0.01309177806893695,0.01316376688977718,0.01600773872060963,0.020905687702787095,0.02585408438712312,0.026006997462219416,0.039815964359062664,0.0395809895876282,0.04472352913207245,0.02763283681187946,0.028801967376994905,0.04130783385653918,0.04102467749030627,0.02143677931832148
0.01760731667891418,0.02401771288584856,0.023778008541566416,0.021411558858013064,0.019636828682051525,0.039604316582001316,0.03131957616837503,0.016775359311953054,0.018955137357001994,0.020843956404719505,0.024141174045173065,0.02011530710176942,0.027410544404043988,0.023775623024559336,0.0230789490568743,0.019438706642020107,0.017162730309594972,0.012446410112749806,0.01280538338891929,0.012825089007185132,0.012466930507863795,0.015835129460245873,0.0176442675602236,0.019175806518928366,0.019229358313431106,0.03517172219215958,0.039513596023664756,0.03505864148847938,0.022909705771286974,0.03287303239793742,0.034334190004081194,0.028654206323801577
0.008078460012687,0.020263840707154764,0.010714989142196311,0.009292242509857617,0.01302549162774646,0.02537635710385358,0.014785114819266655,0.015106290207027662,0.015764442991289235,0.011460932249196386,0.007140040870978875,0.011160734707337982,0.013746816284723577,0.01638281853138065,0.017687469874144334,0.011222520617398103,0.008697059298855314,0.007144915860050958,0.011409096022147035,0.00844495183233142,0.005818186595926545,0.010250843859146805,0.010058885524239452,0.009488797286126388,0.014821750366004258,0.016585035776573356,0.01855356530950192,0.010696466249993816,0.01672580033933745,0.01909566760419633,0.025281605750568027,0.016336922608133006
0.011631854949825498,0.02699803545650772,0.02898408619728902,0.026258440280556846,0.02522578806119499,0.03336330854261125,0.024031118124894148,0.020946868188210586,0.018333984450669062,0.016819517155311988,0.01658312384732497,0.010490597240074407,0.008952061437703383,0.010978784235808538,0.013646214414104527,0.014605339453536067,0.00978914098948359,0.008927307303453022,0.012291312936665022,0.010583378462584853,0.011523228875342158,0.011106188956447084,0.01478277852383296,0.017368282453402727,0.01928104809443915,0.028368245904827474,0.02613947359535149,0.029408817737637722,0.022246029427860498,0.024413645938324756,0.029956072896828948,0.03698323826248381
0.01342957713682227,0.03363767041148478,0.017455228227754357,0.01678357062725134,0.034833972283274756,0.025674519505125115,0.016546986684296754,0.017829992062663197,0.016973099430603537,0.0208774368761012,0.018238374837812092,0.01796687615085059,0.01215565296003315,0.014510161004661494,0.008623959960591952,0.013284831514214744,0.013910402559401857,0.025829649136944136,0.024845703491465487,0.00914088349668874,0.022261341227904675,0.020867285898211844,0.016787174756221518,0.019486432670129027,0.021008350641436253,0.018466487581106236,0.024979772100630876,0.020605798397288072,0.013942168003915333,0.035860497900410945,0.03864353020153772,0.01916105646193971
0.028184412840776527,0.019434816320789562,0.018798761500518932,0.020600485142196152,0.022725463416974706,0.025898804752636718,0.02287953962254554,0.02365160216404146,0.024478633019125937,0.027868320619521842,0.03408766831444256,0.03325744554766398,0.03573430888397108,0.015749436845516617,0.015586407711360875,0.01990821000555205,0.027294227788782977,0.023170253638133114,0.01984369214564739,0.0310759177047087,0.03766099769690862,0.03185235562311565,0.029392899873847203,0.03035854215984719,0.025687410468528984,0.025341958714412055,0.029023152334601152,0.023984811956125233,0.026351863920909165,0.02670174229096749,0.019827466437956867,0.029534491973720232
0.02139311434834301,0.02449435250505305,0.03336392608684311,0.023576592759479067,0.023859883893519458,0.026610298862657412,0.022592905094279456,0.023167894093635105,0.01980900804579413,0.02471930460621866,0.03545775497139398,0.03392110031502412,0.03766927812287859,0.02633980870038273,0.02922592573282196,0.02575270100017964,0.030776927449152964,0.03246054882153223,0.03255461858147863,0.0248514768319584,0.019263204342062582,0.026857425009685843,0.030803768949204398,0.021371612662803494,0.018742641784539785,0.023959027446372762,0.0222545322551572,0.021270176960555782,0.022142084105800715,0.02045168386883241,0.02881516078636211,0.029902108717649267
0.012783382236514694,0.011459227817398155,0.00946371711876264,0.009876935950351308,0.007685786818999681,0.01156095542627536,0.012449609011283093,0.01074315812299298,0.016026291742727242,0.017106306771305715,0.017673641366234817,0.01046956870483729,0.010100511578025596,0.024928103810388052,0.026184625448775794,0.020518916824008953,0.008736369500649568,0.008935571117604848,0.01345761907686977,0.012218548278092819,0.009434851628502487,0.006947875739108549,0.012451910114093141,0.01280884597717358,0.012063356595924063,0.007205364286214371,0.00885414617994192,0.005401757547566108,0.0067875041605370895,0.00883826249757045,0.010680087796683979,0.013097563079186365
0.012700704269457934,0.01142305832973737,0.010505476993285098,0.011561691369505757,0.01073830429261504,0.012505454170481904,0.013723630765097031,0.010163705989634557,0.01610379195663965,0.01926848003156605,0.018474799106851097,0.014841837411625225,0.013368302789444718,0.016040597637916744,0.017279615984292482,0.01618209525007718,0.02020894253339417,0.022857094710336614,0.01264310939406612,0.016243788115798435,0.02078477023561332,0.018371173618217405,0.016801467202950327,0.017040280656953913,0.01804020116099506,0.014116604462115821,0.015864015428240442,0.011312151816884388,0.008358540766558089,0.008587582137086356,0.009440689018138401,0.011887238760133097
0.013225679753998973,0.00737902051055793,0.017253832994602418,0.022289039526407525,0.015320850773841212,0.007760869366285906,0.009817799320877028,0.011729443790748573,0.01197222346527814,0.014914525938714835,0.014937641048757331,0.014766110120249469,0.013019647900731266,0.012587560750036983,0.013591325182937654,0.015460233599431846,0.015810920053535096,0.019611965257920406,0.014640065611363186,0.010804969672979052,0.014897507002463933,0.016636632682513208,0.015441754820454331,0.015070001591747652,0.018081349247579155,0.014523899681395253,0.011030132102382996,0.010861178071823262,0.006344797869581135,0.004437834976541666,0.009521932706109426,0.01787688730303119
0.013749976386228397,0.023031713322295186,0.012094928411212371,0.011778428125183699,0.012660105344224112,0.016302449916928634,0.013476118351915709,0.012694705550930777,0.01564737758391939,0.012922401239217977,0.008682545015454278,0.01190209037779355,0.009109874206416735,0.010612931835228651,0.013016481453043127,0.011269633049833907,0.01097484155168331,0.012554516609514706,0.013058642524948469,0.014978861216250455,0.012482059477798482,0.00894993667427787,0.011859367193748954,0.008904445977652737,0.01883856504965447,0.021655277356700118,0.017610634787888844,0.013550754531094784,0.014302001974311295,0.01633520347222261,0.011619109504743723,0.026288024622980636
0.02207643299582726,0.019063389865649087,0.014992779689762942,0.019749434740093157,0.013159057558340577,0.02112131040798019,0.023793814921391706,0.021843435082834838,0.018553284142822608,0.023626009329936144,0.03147862177766353,0.023542281188248176,0.03130117527230806,0.01328155923110914,0.013392706277440115,0.015585501366104015,0.019303076668061546,0.020449058819057838,0.010786119548259702,0.02012432723723187,0.030538875267378682,0.0312581514505963,0.031076945708051855,0.02643125978428517,0.016658086752315563,0.01762125007688501,0.018242154349869564,0.019368484809123496,0.020993977808063464,0.011947228386286814,0.01298902788779937,0.014925796955369127
0.019525114088346483,0.016698108935548107,0.030938181307594632,0.034378605605330126,0.022071949893336704,0.018889825196703774,0.017481590763920897,0.01297634386114304,0.03570835853836358,0.02968378540850065,0.015462934828179477,0.01277699939364265,0.014639273421972262,0.010227661871322739,0.012670356219785314,0.0081075170627362,0.014204055631027756,0.018276766094007035,0.01210095039828991,0.010242986857441374,0.009661563676820273,0.019096139425049334,0.020436507730721316,0.017604367607620405,0.009523524466251324,0.011701756757326246,0.012545820856990901,0.021265326260472277,0.025822725418185997,0.022220467171220996,0.016523123187158317,0.023420296247999937
0.014699501706990407,0.015777786170912456,0.02221735804648866,0.026453093686226347,0.021179181426598755,0.010571155981560837,0.006749241161465463,0.01516195922642894,0.021354502196889315,0.015589981631943323,0.01938565930844748,0.026544950842438405,0.04066012180322179,0.01577584225264649,0.007216273431709323,0.018996868455250324,0.021381679022636057,0.02083203112870739,0.009986864927000148,0.02078004164592537,0.017971642740016603,0.017940225807940243,0.01536864864361359,0.011339489576214624,0.009333067620610438,0.014109125106615817,0.013485264851294983,0.009834711259146825,0.008771497066769747,0.011336140439838426,0.01296293409515887,0.01753764845580027
0.00856968214986521,0.018252816523611833,0.020184092202255553,0.020855453111956027,0.011792078974889616,0.015187633192214096,0.013437839785952001,0.012074883500088942,0.01839176196363352,0.022875754826890585,0.01564156332996582,0.012750727303462312,0.012275297354182755,0.01784356633754101,0.018547494140817244,0.019625943051109977,0.028362764755726806,0.027581733072445033,0.022721335915689207,0.011119599063307267,0.01373091829194907,0.014251221053114313,0.012334327730118258,0.011797535595705323,0.011890884425099469,0.014006834214066339,0.012900681386397472,0.011367181734999442,0.013169214133477825,0.017038792287094467,0.017954251696941332,0.018093185954264544
0.014304672395690521,0.03503060570059077,0.046605890748511306,0.04393747233124104,0.025718235713140865,0.02664196487242233,0.02672889546778822,0.03178339755330535,0.03581288057301087,0.021353201017129817,0.017670154427077815,0.016005919420826416,0.014797860680775363,0.016560052038811415,0.01645192165749029,0.01859626788798254,0.021963384445332582,0.021693434044634353,0.019843006122910272,0.019751575151174944,0.014930827695644426,0.026297487663189373,0.024218241276839282,0.023006230350603424,0.026684026202056857,0.015888184401042102,0.02145098843811206,0.02473551261654283,0.024566662863574465,0.0282761321962303,0.04203630185064577,0.04596074839704471
0.031312344604992,0.01388774829911307,0.01765093877640656,0.025647777101333747,0.01556433289899465,0.02619757516574845,0.0258644889699979,0.009766201964963098,0.024704940590053476,0.03056282565117724,0.0297778074729976,0.031077705014188647,0.024682816006835948,0.02167947867029274,0.033238969861848246,0.040994720356753486,0.03265357462088005,0.029637981585858977,0.02130689965444012,0.026215338239585387,0.02630687210180842,0.023612533636245693,0.021267837001528105,0.02361795916323712,0.014990543310147224,0.01560345285925027,0.01823244581193439,0.029886438361196727,0.029040059754461084,0.02891002248657393,0.021567673301397614,0.016787910239927015
0.008896812185861866,0.03659652707780272,0.04892006722368039,0.047944998655126844,0.027893364645241135,0.010390538743010068,0.00993156940320401,0.013535818952252577,0.02008109865319997,0.012301267737994545,0.012352762222762844,0.010951746244235009,0.013980231813486803,0.01242377933924154,0.012131016123088617,0.013647332997006165,0.010547582549293411,0.012077451982176947,0.014265434418955409,0.01665459002988551,0.016577816083146676,0.015545342775101915,0.014878434666292866,0.015770149416013502,0.013364916211894631,0.015444940010617341,0.014447604911712316,0.01914216600568232,0.017142503976222016,0.025669815511772786,0.034352582768755864,0.03936845462034394
0.016774582532941538,0.030627374484778386,0.013627377290560709,0.015615331327661245,0.028331279070303104,0.019573298442433835,0.02683702753554374,0.035651085572529974,0.030704862310789487,0.02678993949136112,0.026324314530190965,0.021532438295293787,0.024911002125320218,0.01500661275610117,0.010403079851916665,0.018677011437953604,0.019228629870749935,0.019268794115812744,0.016961144570285212,0.018698972629244172,0.015445631383929488,0.02912487487251119,0.034979541146442604,0.03733893786972166,0.03487979916022588,0.027361414098044108,0.02633779246374902,0.0270131617260135,0.03832758516183223,0.03927155260275806,0.03829238891414006,0.013315981894085593
0.025404727012523776,0.0217133308323223,0.015882399792421443,0.01642046487423082,0.01753386743032773,0.018800645308170365,0.013772345391741707,0.009334059009791628,0.015201749272780427,0.01139273024521553,0.009938252505175398,0.01417386119294441,0.012489290533058235,0.008232225246377513,0.012028816215252123,0.011097623184043786,0.0154543097743891,0.017295610227037243,0.017872345210519634,0.019810926885725083,0.01886063440697948,0.026006223037056627,0.02741704404907452,0.02302572044277834,0.021637192593321846,0.023027466548696335,0.022807786160639394,0.023685119824414225,0.022435428985687317,0.026797888209007286,0.025961725330817465,0.031242813306944096
0.014071510056790443,0.015560632612670511,0.01436472961909664,0.01448696543700116,0.01233876585544616,0.013178235833815968,0.01433251112003741,0.018682984796734425,0.01612050740908824,0.01448143475071574,0.010702738119811114,0.012462685636892791,0.012389365223118296,0.010464168466271379,0.015030324613645308,0.011245288156634682,0.010969349842891328,0.013658802162288992,0.02115269612956982,0.020566974544523445,0.016631653732450024,0.013006831185511597,0.01323706856944157,0.016966813139191298,0.009043966974805305,0.00803529577847276,0.009928735328993027,0.013360478911516083,0.013146399869048487,0.006042134139728172,0.008867215601728684,0.02923697837834914
0.010480945050293967,0.01765284809929663,0.016822054947832437,0.02388059055566491,0.026223081310279117,0.019607050608703186,0.02130288537498969,0.03203864987458733,0.027843186241368993,0.03276379909454224,0.02007563077961938,0.025145931079315516,0.02450310422703728,0.014786345269465902,0.011942154448058791,0.013699219775967131,0.014309737251799853,0.012164530953470731,0.005303964532187957,0.007206586161965474,0.011006203425228967,0.013204800148029472,0.018282578284876005,0.011050151576076256,0.010270229979493343,0.009234068613943457,0.009717691965399665,0.011712815999915466,0.01110567642579356,0.011597095146114633,0.011069330401434282,0.016537303935357094
0.02861799855585182,0.02575411100629937,0.017477464497802235,0.035298565836465304,0.026383865651399833,0.0236137511832432,0.026002345606608787,0.035946557890535344,0.0313802960887665,0.024854217292949614,0.023469143418686018,0.03015618073233001,0.02174842267809528,0.02926658245167886,0.015261752252268947,0.02389333906538736,0.017704889587895626,0.016121969012785987,0.010337468061072714,0.013880527999917198,0.016234371641573056,0.015544809464469107,0.019295474433532803,0.019877778069321707,0.0229782659722192,0.024431173537381338,0.017749649038239793,0.01806287814353021,0.023489360778206788,0.019293625600298778,0.020079185247895266,0.025707121445887646
0.01853906797400296,0.013752921519613758,0.017015397658926373,0.026296623559060154,0.024153404328104318,0.013121365947655495,0.022111801735673963,0.018109381946906363,0.028899423345704035,0.02624340168342959,0.01478546358758808,0.0242250973840337,0.019304481303835403,0.01881634906441863,0.0211476501916981,0.013121679284235672,0.015722194446456745,0.013509760460073952,0.021236315376324953,0.024240202360971526,0.01607741260167006,0.01693782061803266,0.020713281819822175,0.009630041406786824,0.0211460646053114,0.01920267882120086,0.015200218969250447,0.01860999630443387,0.017175544799181847,0.013011307391320203,0.01500968755181125,0.01619655041219374
0.019503618184137275,0.01425653851690629,0.011160221045522976,0.022848044564042377,0.024531831542646838,0.0128803185922125,0.017029734288579058,0.016648547312250947,0.0240767886891067,0.035085402857746674,0.01827653602631285,0.011230335745082936,0.018011603829755245,0.01974173080118248,0.01527469084292913,0.011262672271783585,0.012578189476387364,0.01364937966598528,0.011496642300087925,0.01700338818734227,0.025472888448827714,0.02261355125707901,0.015879891815875038,0.015951122058474192,0.015494131051717933,0.011550310800383667,0.01658633903597997,0.017041415484914016,0.015143322581429095,0.015805827432194275,0.013439934143667242,0.010554749396122148
0.010662508859858219,0.02555316411766817,0.02202730562895635,0.030157394081612974,0.0276267967588365,0.018751668154594763,0.023254531927567133,0.016327784482889268,0.015302419908388583,0.01984964060239415,0.017865956341105216,0.013836901615624562,0.01925976683423074,0.03445176610026197,0.034360363558293604,0.015966563934254954,0.023103325445275512,0.030126906400802157,0.024135657729168366,0.024963754615672396,0.024111939503323142,0.01567930354658206,0.012836947013464122,0.013602582613679394,0.014725400050378154,0.019305704532321447,0.013501146579349284,0.01116452199195092,0.016227367908896888,0.022457405703808875,0.02550090644225576,0.027968446543155206
0.017828043568167078,0.02051319839025387,0.016627712819421096,0.016564251161140207,0.0223733830982425,0.021446500891469347,0.022829484604306078,0.022459843866953114,0.02117925611673632,0.025081433438972598,0.029836127789519162,0.02767050281420665,0.02902830985441987,0.021449761815264316,0.014254177015866435,0.019168531860601096,0.01888114568159512,0.021706425144012935,0.013167721402025137,0.009278178996675853,0.015670609845073742,0.02446468956854231,0.02268807942756466,0.022229918989967137,0.01737401546666635,0.01943870148335454,0.022149939719029548,0.02097732415473717,0.020700646142194145,0.02752011881302849,0.023314413429302853,0.014192303444535292
0.025362035572619176,0.016174091676104143,0.01456449081151888,0.013685100784499351,0.013130181768789335,0.022557181687408587,0.01599239295655459,0.013260619909264566,0.016048067008298642,0.013504397960203772,0.013290882892625856,0.014123439269798038,0.01575822282439015,0.021463458452891087,0.018691896702607697,0.013377111709493366,0.012169458771287962,0.009847148098500827,0.0121846129427793,0.01490337127828987,0.02019228903649882,0.023215612499114892,0.020547489041748416,0.014996658984954517,0.01514014373215417,0.013691823474802781,0.011006148086954324,0.02792668908141921,0.02888669635238042,0.015586188057328828,0.011288512370923435,0.011172359589471005
0.0328713246064931,0.020134921759021873,0.024061068775941434,0.02306481288924809,0.025270447515245372,0.023244952229502652,0.020479695087580085,0.01895432241216709,0.017975170199920683,0.01802004736410464,0.014600162151233432,0.01491443615983151,0.012925751057699995,0.013657163549555783,0.010645088596817445,0.019694320022954542,0.01818544091995271,0.015145839007567238,0.010999934248185149,0.011083219743475379,0.011256706996125368,0.012270141064817056,0.014266158100710706,0.010849714576399966,0.010048346112717235,0.011302009419171024,0.006735633896406035,0.015356930423315582,0.019734712761098998,0.014652168249575612,0.016883758697056914,0.025014798321346544
0.017456023942061957,0.011177428957543523,0.01751956856224946,0.017470003397140634,0.01514533579497625,0.010065999357923315,0.010743499242155865,0.015765076282844216,0.018614281114698164,0.01977833968605574,0.00929673576952182,0.014493491188809647,0.01781268295845658,0.028840974542244907,0.023108546383777646,0.0253076300755117,0.021241671577859347,0.022932434241047836,0.01819171827690174,0.01999487501502813,0.019516237068248583,0.014522144691945203,0.011479677280365204,0.012620679362440643,0.016377594384999642,0.015845731562452232,0.011488798578930735,0.011940227414708354,0.011083042981796971,0.01020298244388044,0.013706953965077406,0.012684283217559673
0.015056303007208229,0.014311316223610981,0.019900407054594244,0.027287035889782336,0.020569320919230503,0.01839979886003674,0.02020482482363141,0.024510148027629027,0.0253282329429173,0.029077550409427257,0.02035119524050782,0.016645483657173672,0.01696477471160506,0.0177660295969305,0.025740090250357502,0.015688651694248372,0.012402897132082724,0.0126385970074537,0.018253503278312756,0.0165016396324463,0.015641631647551193,0.014500853703140673,0.016685055170531645,0.015330019140560678,0.01713674270770904,0.024816611008505476,0.02734428391841942,0.015627774357759406,0.02298403935877322,0.01748285160655107,0.013512569875696413,0.014810323341392545
0.028066090838708944,0.011618569903489143,0.010958303801593032,0.014622077004390008,0.03310857932005003,0.02672062347171582,0.020254168533823887,0.024439926017749223,0.021520151558901954,0.022798923453637748,0.02620601257230617,0.02436099308829396,0.022255854956535277,0.019991221590985618,0.02432274183202341,0.023465133812504865,0.02292890898643023,0.024799817108581406,0.022635284847281858,0.0220385440688606,0.025521167155285025,0.024505945096293988,0.02736206524010502,0.027138317214848676,0.021442450835228746,0.028051166036623994,0.025434312718249252,0.02657548941699332,0.02263210976641317,0.026992422783439024,0.022846605917621787,0.016022481585772796
0.03029370107836042,0.02107709677256262,0.026132590810222227,0.020319356188667665,0.022517971132128233,0.026463388055516995,0.026540483456924703,0.03785399599593898,0.03170273200365669,0.03512550615472737,0.032391469376176645,0.03232379199915377,0.03584267705183565,0.036042874901354056,0.03154902444986286,0.025987711588374138,0.035837034909588936,0.031091157412142266,0.030274470700521104,0.029083826702692744,0.02583440023834209,0.0259047875094069,0.02781783699453569,0.03141655314270884,0.03994076351463625,0.04245229933509469,0.03191897265711022,0.020482213101345875,0.020183817100472755,0.02036640931563194,0.03533324743671565,0.026634534437988678
0.022292823523967355,0.024257847691583415,0.025978262569576048,0.028341067063121502,0.028046195205867454,0.02524116008839831,0.024609042385647022,0.03133689915823814,0.03510559699415885,0.049996640526053356,0.035277605230313126,0.03224598986410253,0.02855535103628117,0.034752896006579534,0.036648740866370155,0.027186527240977084,0.024725946548286325,0.024522366644415226,0.039247127319261194,0.043525733042113476,0.03736020028432469,0.031323441039369126,0.036008645602497225,0.03533933188147079,0.0369863993553284,0.029932360683423358,0.031368627495484476,0.02692227412561396,0.023593361619805225,0.02814603929998177,0.029088766875597475,0.013946175116569428
0.01681650915567927,0.013273885385239001,0.01286642246565104,0.013553709059014976,0.015364726882316906,0.022612958077799162,0.027551894603510353,0.02565369395377805,0.028074817048605687,0.021452132798455165,0.021189686176053574,0.0180835883840019,0.01247593637009703,0.01944857394857539,0.016935185009952468,0.018641380520059786,0.016441929521791843,0.01974241976714905,0.016191431948231232,0.018539997637287194,0.0212587607731699,0.01817813192098651,0.017969811883800674,0.02191238364188302,0.017077382584486506,0.014869769756837183,0.018803649132130004,0.022024871852033605,0.020229051687248818,0.018914895252865015,0.013914934191288583,0.021254760360387117
0.011966222757820777,0.015719169997366188,0.01517354260175609,0.012374517625344555,0.01429092475543561,0.012809535873020266,0.009098613397563462,0.013030391658386455,0.019934533256906955,0.020340588805865586,0.009461208250945388,0.008637923397104572,0.01034486336611358,0.01694427977240384,0.010699432556807225,0.019513349961377588,0.02090808324227219,0.016981474269933277,0.017186441473137505,0.011828938120571066,0.011448861355994693,0.01620776364315643,0.01623702961744161,0.011926319205112832,0.010912429452782237,0.011062327388112811,0.00870366491502961,0.015126388003815393,0.018653333239788735,0.015045824944243504,0.011565516742918546,0.02337718582894549
0.022492112198119717,0.021268157100211356,0.01922370560646096,0.012144550695165846,0.014984658923786615,0.015218197947043174,0.011778654427964358,0.010769790246444191,0.01685610313009931,0.01399284444060259,0.019622443416413726,0.023933661380656248,0.02400274361150193,0.01543390690115805,0.015086812595755386,0.025119009881877985,0.020788176122380354,0.02055548076894392,0.016060875928868398,0.02236604094458898,0.02866712150603001,0.021040388037070694,0.01776682205369721,0.02087628981180966,0.023436513553463288,0.028121729746271727,0.02635298215873253,0.02380379008390469,0.025313845675282953,0.02230104870966038,0.020226853697590284,0.0192411051275998
0.019410041334400364,0.02102467858578097,0.019005138744256262,0.022368832876710293,0.018401883771520588,0.018410308888156954,0.025059117083140087,0.024607844787705793,0.027831323756915008,0.026731908833040104,0.0316654052953551,0.0331033731284836,0.027294296197044605,0.0405579307458077,0.023595021404849138,0.03561347484014287,0.03335447044384159,0.029379305424930807,0.027425154133599267,0.030674259544894323,0.02792278253765242,0.03112967683090503,0.026698716587826653,0.024878470099129385,0.026151251781206072,0.03086831557001249,0.0302502415113812,0.023009136815271034,0.017392912353799677,0.016575543340857982,0.019889345173028584,0.01488432089236309
0.021076324075801067,0.022990015919218117,0.021479414321205266,0.02392844971133105,0.014383231550032781,0.016049224613710777,0.017393637256893354,0.021942975821496437,0.01740290123140325,0.0219514407882861,0.014551291837508695,0.017847695436965752,0.023848542327434084,0.025801444300666686,0.016422716770997648,0.018832159356800535,0.019480705248584116,0.019817290672169613,0.017873758447436175,0.018033962972215514,0.017511900046959725,0.01878388773193209,0.020456324166084134,0.018260143886834685,0.01851787244178875,0.01798469989811839,0.020409108968190228,0.019264007745463902,0.019531005836508963,0.02291111071389689,0.03165198389777247,0.02794955882899165
0.027295443724656084,0.016964577323410557,0.02492648093663644,0.026578322758584787,0.01733971769343462,0.015675189717241852,0.011918089890586297,0.022630319677921815,0.01911218327234307,0.019541958001703486,0.016810830771971635,0.02017598223562111,0.019893745374391508,0.011886847806702789,0.012735436794800058,0.013046129465918627,0.013562048227284325,0.015551815297840561,0.01740754939499422,0.014213920010599627,0.01557938774716334,0.024958005575610346,0.024278217058307693,0.026088656870132655,0.0217765839971748,0.019380095857786873,0.02034891877900301,0.024038274125615006,0.017854953806772336,0.019612369533342756,0.017141451724476394,0.012898054305104444
0.01414874108879007,0.027591177267596374,0.017768730090825573,0.020067278358350923,0.028740118590294596,0.01714202751890388,0.018249499946259247,0.028770784584264745,0.026659293485161033,0.018250547652809555,0.01425070969163114,0.010922539661746564,0.009813621003509621,0.008910606760491076,0.012629432321671302,0.011911930717989893,0.009796440748864502,0.007969407072197248,0.016306131473549642,0.01690570555322389,0.010347807489668149,0.007663761143717135,0.011644375680957853,0.030857495064529845,0.031778426461228,0.025525315689839085,0.03365810133683008,0.020328096666688354,0.014230841605090104,0.02385845335571574,0.020234677843673058,0.018273141228670336
0.012790719292873114,0.020471678821149055,0.028975369445652394,0.04222722457803459,0.021286384647818346,0.019995246749271382,0.017722433309887365,0.017918657866416027,0.017344173905138625,0.016871053778472634,0.018440241443596104,0.010124068219359813,0.011403499098466744,0.021662916032483052,0.013280597308945163,0.015687279824804928,0.012658525792095221,0.01103518750328564,0.020518543468300125,0.021339615817989432,0.017758227422466688,0.011611050548451837,0.013275332924446522,0.016995510961249696,0.01054858456682389,0.011773680164706816,0.01595912414753876,0.019639674725331572,0.022808688187841472,0.022064961409558555,0.025982123795884594,0.030967996298509357
0.018619969536009966,0.010343754816834154,0.013892723162309632,0.01590348579966258,0.015783320394355562,0.017118437710269097,0.018931621207504433,0.012500466848025733,0.016099304376635742,0.016144248693127895,0.011585708427960802,0.014722731957024044,0.01462644746938602,0.009116867213909668,0.00863164692724209,0.007814986055911405,0.007007094313451289,0.0068225134293618105,0.007068306688718218,0.007675136409856749,0.006459050118869627,0.013507606105162075,0.013983985839633785,0.012919746751736383,0.01476946049658592,0.013271462950585695,0.011930220425672369,0.011017072314207236,0.014606183304069001,0.010805102782418585,0.019900534233946235,0.017608291573279224
0.021870740411172877,0.03211019666952407,0.04244708507164193,0.03748617606924569,0.029113662439387004,0.022694147948070814,0.02248378114908664,0.022002906063669846,0.016248873626135085,0.023370841291728044,0.01582791231308445,0.015043258159560483,0.01538358278523846,0.012645700826036629,0.009049123971415829,0.008747325189353432,0.006921138523454885,0.008815075669298678,0.01167456103585016,0.011048927907963422,0.013248472442526351,0.01796737406252618,0.01833249368082733,0.018525386682204575,0.015875086026198183,0.016358581975218434,0.018102061803463305,0.024082692422838576,0.03153018609572504,0.0279566103626371,0.02564854551743342,0.01909612206568914
0.028640701642214047,0.03457357919786191,0.020142015998498068,0.025047773371509856,0.022920638750532192,0.030745431296970063,0.028629181485549323,0.029686624836032918,0.03681814833684902,0.030312637093833233,0.022894643851027206,0.018836869715234166,0.015471124144381329,0.011192010369036037,0.015842659775954535,0.015571311529674932,0.020817142490126613,0.019869090063721836,0.022696038722674068,0.01773441900786282,0.01720214681533994,0.018729665789141314,0.019924072746417252,0.02129389794827555,0.03077203869611021,0.03504084164167419,0.03325310501081555,0.03115417890527604,0.03614968304512695,0.0369405482478962,0.034720027228378206,0.028913826264582474
0.02600929193432308,0.030098760487827912,0.03564592242294048,0.0376381513018049,0.015621424425031722,0.019836438795984897,0.018472126632766143,0.01735748425565476,0.021946288186971856,0.017738577455101604,0.01675853285677482,0.01685951889698244,0.021018817495419267,0.021052989910310172,0.02218708646668737,0.019515941809553173,0.015164391806490797,0.014990152968947222,0.027580991642079375,0.031161018973772686,0.026145610357792053,0.021466734342251863,0.023713010047893064,0.032544459385165474,0.030248194176551002,0.028944055298631755,0.026454016164449035,0.03182134045419619,0.027334290533677807,0.03127954698704176,0.024924318893059093,0.024628323164799428
0.020993043374739017,0.01500868433133078,0.015941960975708457,0.01843964522471408,0.018069328514105896,0.013696648388591396,0.01791799255298295,0.0129344351387777,0.02299576010072372,0.027499579874428394,0.013797949835013815,0.01676098701770714,0.0177928044790713,0.02095331154565459,0.01603663132957225,0.015906030901610056,0.016744344585674448,0.008288121113296892,0.011559870209362994,0.019174716293420813,0.022399968196695718,0.017435216139902756,0.012359657275596547,0.022541060814026855,0.014309533729588406,0.013903406623713581,0.009322073533366018,0.01997240374924786,0.009650432040437517,0.017833583433848787,0.010382500221153553,0.01654159409681756
0.01406158717195162,0.025668479364476006,0.014291081501613338,0.015030380624401995,0.023808562074908363,0.013740050484432007,0.010919317521871868,0.01399925682968243,0.019696260962542993,0.01513950388365948,0.011755637521859912,0.011477211038471423,0.01611635393740561,0.01194700221720536,0.013085145647660298,0.013378715840117123,0.019489681012121566,0.01998705124467363,0.018203863149090956,0.015970913976077132,0.020282432471386513,0.018333289796560633,0.013294706201957019,0.017113839738442823,0.026077853416788577,0.027486075741122256,0.027077689820842344,0.017500399056758344,0.02138972874189496,0.029404991372209976,0.04144938005878238,0.02603526324723288
0.013577614387566874,0.02233141874487606,0.017813134093760116,0.02283695064448658,0.028598163452650555,0.020088659548471242,0.01815403409133356,0.03172558243827672,0.021828213836317802,0.02366886186624145,0.026607541183131456,0.031540488073895034,0.03129134774954207,0.021895381861912193,0.017490810806546034,0.02292939421252359,0.022394250354024366,0.02797043430918565,0.01667535103965318,0.01715916677914659,0.02194524196214764,0.028282721985581225,0.03051409051390632,0.02155206663978527,0.010589993455870366,0.011490723221536743,0.013727525624539154,0.01956781506093625,0.025190314505796032,0.019525326641968595,0.01829885108961396,0.020969075449119065
0.01106894509949225,0.020811113216637134,0.016166557907759616,0.0162434941917119,0.038031378586543624,0.019949550876413338,0.023272321346080475,0.02710140911078317,0.026516705471017407,0.04114518136428167,0.02198087176567371,0.01653377040133466,0.016576578033567543,0.019522885019965026,0.033037139414440614,0.019313330052056318,0.016922224674089326,0.017292141944523453,0.01796404896430388,0.012124184673418874,0.013361239064962591,0.01024197846177894,0.009796503136650883,0.011737488479404,0.0254162745814233,0.02824075166234657,0.023051891792704005,0.01353416251287168,0.015717688770791088,0.021088195534100337,0.02674238634960588,0.017541472965412905
0.023032917035310744,0.020332727841409576,0.025476263081250627,0.02734915927523952,0.03237492731760543,0.025139959539278632,0.02814653510215868,0.01725843302108536,0.02228107868286866,0.023766011870852404,0.017173545033635263,0.02047079730546237,0.021929590022740742,0.013288507689271065,0.008531057305090862,0.018987261600846166,0.015680965652344683,0.013964425439138768,0.01469583906156341,0.010010037171854657,0.008858985784185912,0.010692110669954872,0.012169639513389126,0.011454634048338219,0.01838439143223703,0.02029917809749735,0.01629571667362,0.014507816600275973,0.017450612879099117,0.017771002457400337,0.02228043549102565,0.022988786590920077
0.013715840702828823,0.01972576667487571,0.022496169380826537,0.021547685447301408,0.021667459573820477,0.021691572602756837,0.024744338021091487,0.018283165355775198,0.020633368257966123,0.025572641068869195,0.022183195107551425,0.019017027560588994,0.0202257862773476,0.029522759677012088,0.02595547297896751,0.018909095843254637,0.01749669136453861,0.02008406581736883,0.02385084876171753,0.02021609406139237,0.01711086062836874,0.012291491879945405,0.010809649471189172,0.013560430542367101,0.01425996013558063,0.013893461473164842,0.01397689649092451,0.012196997204337756,0.01233764969122736,0.01171014771050176,0.015474331942740423,0.029202668679497088
0.014550435483769714,0.014860324153174218,0.007824296867411495,0.005747704008226214,0.015402472702182332,0.0144882927726102,0.009160657280672307,0.012697666564415242,0.010219488458273319,0.009211336572926828,0.01945938167247845,0.015032012551843603,0.013380728498744363,0.010682972901952902,0.008286447015773952,0.01856239723710036,0.023294902067963055,0.024049441140380386,0.017250294961472536,0.010926723603345154,0.01126932530956102,0.019953744933079613,0.0183856539019106,0.016899566295431684,0.014000066794014393,0.018106419417101404,0.022187057077672868,0.021746585653672525,0.02209758269188414,0.021185529109569484,0.01678416780612357,0.02809309842409185
0.026065675378318127,0.020271568231159456,0.016348711983308267,0.018274200636447656,0.016576300299419467,0.023725625711578966,0.022639451787002298,0.018973778221760735,0.009889922383002113,0.014131797340019249,0.010344724986442748,0.027855659626621832,0.030150707486901074,0.014624271746704309,0.01441199118603703,0.011624366232003823,0.01763733534286199,0.016007684968717795,0.014736502495621907,0.01388534097384219,0.01815387022793749,0.01809917146564185,0.018293124570645303,0.017331412489740777,0.0184295263211434,0.022993304437335094,0.02917479669141499,0.029733294813808552,0.025091733378695327,0.026225940372688494,0.026181727872802672,0.01875237131492499
0.03698648699285354,0.035004704150845126,0.03346913774063091,0.02756306218411658,0.029420717564367368,0.03659783028729094,0.034254270195130124,0.01874040137858437,0.016820048265184823,0.020662744579633848,0.04440401939376163,0.02525989237592615,0.019437387380583777,0.0203739909358116,0.010196366109419399,0.018344283000113305,0.014454473305333261,0.011605566940458964,0.013751347904360889,0.02345164928243645,0.021573441914902163,0.021683835171391535,0.02798351136108814,0.027941473075557072,0.019815263946498938,0.024931564037528275,0.03590824968927477,0.04549852460602326,0.0367324547283285,0.026695956958646534,0.021764800839467486,0.038022970666702176
0.01398922666475795,0.029742444222147803,0.020409600333303708,0.019419964039144724,0.022088470921471492,0.026004581288899625,0.022028798408048812,0.02475361045085289,0.011797546200621458,0.011504962086080511,0.014926029591145973,0.011747436438678654,0.010603001831469132,0.011820587894020632,0.017005121655997487,0.02556030364161345,0.02483425561549099,0.018316913208517197,0.01647781759347279,0.013674196751435972,0.015983402567348055,0.015114045766624682,0.01569268395818599,0.01847470664144061,0.030630265256246063,0.030094623892577225,0.020212261344201964,0.02552122870777815,0.02577610122504767,0.021046983919402924,0.02811968841625048,0.014425600610334176
0.01561184913938346,0.016189722229741403,0.03176784221837267,0.038319646945369816,0.024097964367184276,0.019025495434202344,0.016244698849718228,0.01595051852707261,0.015895853543839995,0.017789545433502175,0.01662899397020966,0.012264147861484834,0.009765484561611552,0.020236900270971036,0.0213974072207011,0.011261003860849942,0.010790814959547508,0.012068321502001619,0.014848074785946718,0.01938975760542582,0.02614111474253408,0.022537993201212355,0.018569689566302103,0.017016224519503124,0.014515979698071889,0.007836557724947414,0.010658917228570047,0.016069352205289423,0.01337275574695793,0.007299018668720837,0.0068285312025892116,0.03342051036083612
0.02552347784580389,0.024547804644475993,0.03437557967620975,0.04210279009420917,0.026885372018698332,0.01908348053176461,0.02034984412327276,0.031931258211079165,0.036279946169660404,0.033573810154250004,0.028355832232157277,0.026550029852853353,0.03578696045602176,0.038437750830987126,0.04407772408836993,0.02977903319482695,0.03190879898941485,0.028905902210696232,0.024067349118678676,0.025945454133159615,0.02884844054154259,0.03047598722493529,0.026098040445068783,0.02440435039279267,0.03187115576415421,0.03844661328720232,0.021152241715699207,0.021656986632552784,0.027095196375862485,0.02347513620781477,0.029428303273965988,0.01906859376008839
0.009989681142795158,0.013534394093953144,0.017671816294976262,0.020633643531293617,0.011283364074323446,0.016421778692320373,0.015099667843570655,0.012002422096875808,0.02024327100056499,0.026803895457914447,0.018345161895754598,0.01614083517952431,0.01606755852950213,0.01736420594171269,0.019954364464461784,0.015305912195388339,0.014819633763709308,0.016954907311991074,0.018727472676206402,0.01150442347484225,0.008612696987957446,0.017420608738538023,0.01788329804736267,0.020728680627284734,0.01680412001820032,0.015125194496978779,0.01395176118004713,0.019070878029669565,0.016710703456325346,0.01170964948053788,0.013485828620476861,0.019283847316010416
0.016476076118517192,0.011645809537239586,0.01703799944565449,0.0227415647989982,0.02344620686729926,0.011009002846856245,0.010636601999506726,0.020837230182238493,0.029604508750836485,0.028706222984921783,0.017866851784338725,0.02463416399303698,0.023721270771099465,0.021504770722838296,0.029601805960036445,0.022578915739146204,0.018382390048924068,0.0227225259949714,0.02226292580834332,0.019861557388360727,0.021356496403696135,0.014099857895399462,0.014216310795437297,0.01228112493396739,0.016755940835480623,0.02045539782448962,0.012080199356585771,0.009776446926501935,0.01147477705740088,0.012593807183836061,0.014467539807595296,0.019631006538071982
0.02600453615542769,0.011766763366090933,0.014843157295806346,0.016812595555434972,0.014255120786671505,0.012705218904948695,0.012969411804093287,0.019802096547794735,0.017610931598822252,0.01401985433133896,0.02348531189281033,0.02948188480827331,0.019885734071659604,0.014466033824053546,0.011889380304309909,0.012425030859503874,0.014791549218869162,0.016977594627293754,0.02005409282762963,0.01898234223683787,0.0157929475845836,0.016926521693014403,0.023401329564580874,0.01743881171123051,0.013113713636236233,0.021507333472228544,0.021195841491646862,0.019200287572127214,0.022269581871615374,0.020371639616099457,0.013006974285680073,0.021694498559086346
0.01621787096337623,0.01919412340635971,0.011489055479493648,0.009524760891161298,0.011478498106515566,0.019905791419942028,0.02381925080845889,0.016114868466959167,0.013209050350103292,0.013562164727158994,0.02297850080746477,0.027849375263538936,0.03631165266974891,0.03091258348032077,0.01578027337989826,0.021930277057456017,0.02238687096237391,0.017595375780289052,0.017723731314033903,0.018064865600702067,0.014829579183597917,0.016235831758855204,0.018259983562049192,0.019088722822472783,0.018631202441368157,0.025941602934549376,0.02427891047369086,0.01622402182622861,0.01491864995740012,0.01799935559347261,0.021213060353390885,0.021994381699505114
0.00949070553561098,0.009609963268269598,0.01927454851463387,0.01745327836769158,0.011134452586600169,0.014935153870922858,0.018944581452963995,0.016240496098491715,0.019207160553263738,0.015323523660727468,0.0133967000901577,0.01357003593051133,0.01063135251644419,0.014963654106128507,0.02365988218559762,0.016999636590047044,0.01885465955638596,0.023846528674606925,0.02075641711765196,0.020074609930205455,0.018950179905604075,0.013337220371494233,0.011735660787722176,0.012534940983731506,0.03192003767316963,0.02975528722207459,0.02276328242063487,0.011697581859542177,0.00859588145416172,0.01484641196259697,0.013973684474377999,0.018638365989061517
0.021036668829704366,0.02336866826195537,0.022956678331299718,0.02407555398453872,0.027300086028401158,0.023160887152177213,0.02489265812450274,0.020903127210445353,0.027792293293012596,0.026001237665123165,0.02414519282488447,0.027273385362890503,0.026066140223961184,0.017578332120318577,0.018133262965712438,0.022177903079065035,0.017259281537509483,0.017837260549157574,0.016965059911463142,0.01582153705867444,0.018742355905485553,0.012597008145582938,0.016568794267422467,0.01752719328352314,0.01319421543107462,0.015964755006676618,0.017154800027974364,0.01979582509270181,0.019391679128521692,0.015118978499492168,0.016261874611988497,0.01493851960049287
0.016382864772269072,0.011985522434422104,0.023126978639402964,0.02181671297510998,0.011770530456519197,0.015755834694662862,0.01528577012789268,0.01995605424651369,0.020256345523123855,0.01943674237127625,0.00997261311984176,0.011584357559094862,0.011850142471239392,0.015116930958220358,0.010417459557886014,0.009559190541361794,0.012644620458389266,0.010233115079722452,0.012197735498473992,0.010897537203248075,0.010268812374654691,0.0045448291123853955,0.006352034054090397,0.008249713301271307,0.034226139503034325,0.030933800424295985,0.02529186621390392,0.01491201276406924,0.015686305045245423,0.01577352017051257,0.014904088858597684,0.013559932251766488
0.012373589879937393,0.014667607594654504,0.018369013690218053,0.018861944812761756,0.016033880387772547,0.01657902605829718,0.01362759465010344,0.015387427069550918,0.01269782955144371,0.010171290869869164,0.019872097387824285,0.018175122910537446,0.022412969039738117,0.02081575526290943,0.012899767391779166,0.013042657701429738,0.016929887992419176,0.015398613090784203,0.009140173672004934,0.011569518059760447,0.014335849642568317,0.013666049190280553,0.011970915380201855,0.011737476673786931,0.01978900505308023,0.016741216838836847,0.020215109753248608,0.017922367402609215,0.019359050047440457,0.023682759552173655,0.018799228787907477,0.022204274862546926
0.010254064036273606,0.025483535639244437,0.028946633125239277,0.026835617836958953,0.019062834996525325,0.017724118445557706,0.013857147006565448,0.013596786462446438,0.005524947947694583,0.007088791083736555,0.019114858546107834,0.011830818452414545,0.014761935942080681,0.006798569218207005,0.010584995156966242,0.006280593189401615,0.009418590580478229,0.010074623514795619,0.01249905037050871,0.010940791231230528,0.01006318718996372,0.013975994780485551,0.012429045737490952,0.012914916963918142,0.019699693376900244,0.019985623491469165,0.01860772497199014,0.016050270003624575,0.016915734614536302,0.03493406192881204,0.039124221607316774,0.029206815049073246
0.01591313279762359,0.02209372700963088,0.020128182742728176,0.024342907435412283,0.022511273088775714,0.0120036941041672,0.013864794189045428,0.019889726715372476,0.03622356110287447,0.029096146843426512,0.017989872600901596,0.019999419661539116,0.012155746976037544,0.009843725006891835,0.008709249975328666,0.00923107773564986,0.011556085251749467,0.012161206787424796,0.007600779680707491,0.011658956133160816,0.012918603931751888,0.015458401743809101,0.020719209303037795,0.02031026308140545,0.021259852032207593,0.01906764446435612,0.02138405415697656,0.016992962866431927,0.015041900549197164,0.02218043800075659,0.02454362038759566,0.032600005874420086
0.03460350034646807,0.031102677188597154,0.03274861810729544,0.030862618436139026,0.03372365309340564,0.03355269916556243,0.03635754230802765,0.0310646284868392,0.021906415530496385,0.02243236224542189,0.029949111008947524,0.03357336976736081,0.03875435568186335,0.04174334545189782,0.0381312920696565,0.05564283764594719,0.05078957202408166,0.04969159697583239,0.05905377767040078,0.051000571915160206,0.038546240182607876,0.029396402043458437,0.025061459545666825,0.024772311327103894,0.023776740476457843,0.018594139908370715,0.014193195334478199,0.0261467441729173,0.029963819387968507,0.024021414269857672,0.015379762397524276,0.02644746257971032
0.022397647889323576,0.009037881351708535,0.011726622900671125,0.01204772333333023,0.012242157418023054,0.01690735825366673,0.015718892029253355,0.018004652784900637,0.018816927625843066,0.019112638951826487,0.01524957651010172,0.01748759917743209,0.021025389085097018,0.016789400222391802,0.01378053168865062,0.01061817812972527,0.011940373334559818,0.012814352865866255,0.012473049895952229,0.014739172629325387,0.017002937354739647,0.020587688779675022,0.022202128572013424,0.027204440886253057,0.020238907853600017,0.021335610821604678,0.023915600257366162,0.01709570208631669,0.01602927189897598,0.015767611191955064,0.016639296792607224,0.012673971209920533
0.014172162729840511,0.010744468093135796,0.015320939739802869,0.015729820313525725,0.01500960314915534,0.015290709619028411,0.014614143699988258,0.019108877205719434,0.013228246932347197,0.030849022868237392,0.017553898778592193,0.014731378757250729,0.01570350259152448,0.014158812693957037,0.017559791549795627,0.017713245718753004,0.015470917601818766,0.018130551860243566,0.015781361633301107,0.01756973123504131,0.020005948227848718,0.01893630162771779,0.02193828527160453,0.026407860950278084,0.01978216000168774,0.0210492542021665,0.023392122389188866,0.01847251317130138,0.022469127540175958,0.02601642624657408,0.03353389337986129,0.03269558331683996
0.028968744645267552,0.020106808336773176,0.0163271070036617,0.019986857077625854,0.025154784681153675,0.01663105418743022,0.02254502235255437,0.016577872585225233,0.016000478924896398,0.02872900397111155,0.031179219264283776,0.026903745278004095,0.022386580497510994,0.02169365411341732,0.01746744894909931,0.023348618290246797,0.02011701793345045,0.018834149781403964,0.022324077866737038,0.019708534355653534,0.018052019198655036,0.021226562834342193,0.022788853459414626,0.02005415473874199,0.02443752763159242,0.023233126554571586,0.019850457570097145,0.03207443898259604,0.029258629989945738,0.016435574202929876,0.019386190930483264,0.0202338236097083
0.020879573294847197,0.02623435266394498,0.037321540072254224,0.022969542343922587,0.015010310971778922,0.020176337352786913,0.02092129351851882,0.012174583608121351,0.016493366749686864,0.018613596132147987,0.021370946231346437,0.01330632238971424,0.01444789766598845,0.018807688993909135,0.02380621930215716,0.018405414390389334,0.019156558281102302,0.017236766070102758,0.02363301417641702,0.023727877356386824,0.021502451410221158,0.017262547328617504,0.014445132324043321,0.027087979234698453,0.02255260984603758,0.026280411632506374,0.027041628345092387,0.028484772075437835,0.03096739092098843,0.03200717750930135,0.024157238247670958,0.01611693620321246
0.01522716104788398,0.019462257476135586,0.0242361043883649,0.022915002019717644,0.014797382550870491,0.02369042358260638,0.028011694096479522,0.019481854825042808,0.012102046918341295,0.011087121429967487,0.017872879128506065,0.013948439875515277,0.012752947518737127,0.01150338835585852,0.016140006712523962,0.014384078116236565,0.014267424996497363,0.014820925672841817,0.023211226107805575,0.023079623082926288,0.01994419687836967,0.016976145638677564,0.017454006822611983,0.019936279308928793,0.01926742264507584,0.021490683326978843,0.02839396776659584,0.01312260987505057,0.012023770324756695,0.020028660315088067,0.022895454356754857,0.015967295072023577
0.020031001392727343,0.028638566389758778,0.02687951632430302,0.020608618591925715,0.014639017886048367,0.036170395627534976,0.034083743003012465,0.027077460553287795,0.02390706795290748,0.020920555206174946,0.010665358336033775,0.015932725468400792,0.011019028198672343,0.007933138806117585,0.013729408017880026,0.0111071970016669,0.008510355052959462,0.014628261187636563,0.017953705665620646,0.01607405868258186,0.019569960377162122,0.020147829746756454,0.01723690426125676,0.018463003989489732,0.011779709391582389,0.014313345219811837,0.017220547294900326,0.02610376660623351,0.030728181394214613,0.03055912351378198,0.020618080561996616,0.01940778503688005
0.015226725669067409,0.019223302618991522,0.018568370500596454,0.017376228925401523,0.01143591178862857,0.019164655245897493,0.02460208684199037,0.015515739417676814,0.019433407400472752,0.021349815046614377,0.014220928749180874,0.011864521327379288,0.017851725376414728,0.022532523946046497,0.02865803125416621,0.018739523365316004,0.018280995757877627,0.022105661482338723,0.03368882280396222,0.030040496540247024,0.024573014791407728,0.02455820613747071,0.023011952842248554,0.024605668660926443,0.018477994537385398,0.02099102416522027,0.02635038586156056,0.027808430743059363,0.02221698264888162,0.027741541990586278,0.02945598731567879,0.01646286361662494
0.01169757656405459,0.022747348112648298,0.022889156757474265,0.019489995509017678,0.020543579731235665,0.026240320911974455,0.021519567523152424,0.02361299421242604,0.024084863772555077,0.01404787433255641,0.019813573774448645,0.018009642214172415,0.01619021268039817,0.014338252654532724,0.014829123035622163,0.01574606426360928,0.013936713308786418,0.013499930052009283,0.018889575513821366,0.01971085336950714,0.01910243822118412,0.023054109533217397,0.025491837925543458,0.027164800933629978,0.017270505566842596,0.0188203542777416,0.01695827895430789,0.023036757474129154,0.02759492838457735,0.030718921211367076,0.025627896901308348,0.024821131354017725
0.015879162471436035,0.03181340187810411,0.03467409584186142,0.03475309300857978,0.02268671044212418,0.023912239777751393,0.021887618854778194,0.010137755989475172,0.021582063580483892,0.01883149070036679,0.018966107149644643,0.02928472478728862,0.021022738018589723,0.013964582287820233,0.014547524579978119,0.014210848512830106,0.012907641950467882,0.011524747158844089,0.017318426216147275,0.023795204580036058,0.0317496621997075,0.020388902505077626,0.01981020323434172,0.023433884321968104,0.030882432400619313,0.0387230883553502,0.03014024346705755,0.01887876220374182,0.019040513346827187,0.010319687439850837,0.016085046147399397,0.028676738215967446
0.015928927213886144,0.021664257036485716,0.013368799545032612,0.012970769920229584,0.022387241611763215,0.029608664349515517,0.024759963485292205,0.018309170767037555,0.02539878081383402,0.014805628665009849,0.028769025363075074,0.02362356511555266,0.01729044673725427,0.01155843401661359,0.02130217946556841,0.023145088158468875,0.020632153958098007,0.017722142274896543,0.023847883887627916,0.026345547986078896,0.021674786329415767,0.017182536404102788,0.015054900822826145,0.014769790520599627,0.03390180843581961,0.025430194341830036,0.02993789056418012,0.023843343976830154,0.023754233634957975,0.02017756796537481,0.018504950829168906,0.017549835726132303
0.01225059885283188,0.015480751484563519,0.013914049598996682,0.016568226280486126,0.017252503955036778,0.02463383566836678,0.017676624069175157,0.030517708189450193,0.02248562432302585,0.024217544168428216,0.01564571381262434,0.023461725053620233,0.019115886726252414,0.019441107198400604,0.017293106750358982,0.023398617430734927,0.017555498182353874,0.016979215499830426,0.02397850031252905,0.03454616119918068,0.032502399049999034,0.020000157316993977,0.01800113530299505,0.02528962947660208,0.014136655811393437,0.01396522233774417,0.016825772232609164,0.023827828146257356,0.022376094400794858,0.023220448228768113,0.03150316096711942,0.018606278230790047
0.017355043309105908,0.01710424634796977,0.013563021647060422,0.011553784953760804,0.01793635470679621,0.01780196606704581,0.012986355573568123,0.010084438295599789,0.00994994398086883,0.014421904190073272,0.011720286961998484,0.017553044529107692,0.01523477744201377,0.01699954016771284,0.01564019950119421,0.01958731362814937,0.015122732670138183,0.021007417482328004,0.014455188926651631,0.01652576358601407,0.022041322293481127,0.022212453746312793,0.022963444691502043,0.019671117605172046,0.01890569210913476,0.01564644541887959,0.021179173529255548,0.01890359130592622,0.018118037548388508,0.019007488181456443,0.020828698136451808,0.012814139470238505
0.011990932532833815,0.03264381524960656,0.02576133294327321,0.02307952841828022,0.01490527409519267,0.015430243380374324,0.012717363137608028,0.010288896274656593,0.0145324728990634,0.009453070332013487,0.015812730218650872,0.012707703306349762,0.013585026960146518,0.01235682909696158,0.024104776059200462,0.011279396730122952,0.010599069625724112,0.016211720055073806,0.021900755871021516,0.02278072490433994,0.01912207239183679,0.012728805651987855,0.010445255422682221,0.012808980027043122,0.024252064348857075,0.016748657300848107,0.022332762286273972,0.021038620463969218,0.022490733146272833,0.016180695053011694,0.016435115887831402,0.02487687942625503
0.026196945593284338,0.017409181874604437,0.01764792477440933,0.016240367594486826,0.014371822002950634,0.016470875567769706,0.01957437584006729,0.014252754340466188,0.01663347332607664,0.023338977996860872,0.0234627430137331,0.02447896467398649,0.023350527960876177,0.01873943395670915,0.012977350818689665,0.015907059126404974,0.014431000318131222,0.007869798500158584,0.004110433235775179,0.009530700301570692,0.011298740786977355,0.023060401362414863,0.02035735821301464,0.020226658784796476,0.026889705390499063,0.03539218231584271,0.03379829437882853,0.017615459100439018,0.014481594000471736,0.021019189078200173,0.01852386672516645,0.01424784722744138
0.01541559286042605,0.021101934237667357,0.01457965447910308,0.015201264030188828,0.021399911136929198,0.023693356995204622,0.024967910254783163,0.01830119175796347,0.017900212807023103,0.020273095828204756,0.023884998913262245,0.02767674909299237,0.020635589935194418,0.016339157143216845,0.017780755195474045,0.01776155635012027,0.02143986896144012,0.017997875033646558,0.015223096206395626,0.019430076119593822,0.020067397232294868,0.0247209544745589,0.0242267339120657,0.02282578086335038,0.013941219131081099,0.026372634807258558,0.026776472491769506,0.021493374281214728,0.021567475243663894,0.029268436018931084,0.03257245367139969,0.019083153740527922
0.008306991332037878,0.03501381411450848,0.036810706146617765,0.03484139716027787,0.03844892061779894,0.025908111414529433,0.019660409567373232,0.024931961231483713,0.03467166421137302,0.02128881033468878,0.02298721176363347,0.019615002015715286,0.018595226810074375,0.011903238956266325,0.015542831475690933,0.023783188275002563,0.027842272191616467,0.021166496622652277,0.017397935140093943,0.021131121341972862,0.020582105344781887,0.023588739527830926,0.023790842357351686,0.025987442319849695,0.025655021983008532,0.02799472427711465,0.03345576368509366,0.029229398456643196,0.03192741952085517,0.033128222988324386,0.027254486863642447,0.029356279049264668
0.017440071787925105,0.020551135413290945,0.0314463123578547,0.03337195424456747,0.0157359768104562,0.011524264228074002,0.013073282038979063,0.011467500190631273,0.019216482925979564,0.02032339668072185,0.013214598785728398,0.021096837138949668,0.018511192989132164,0.01129797291661954,0.014808265464504231,0.021514008795418607,0.016898327890536878,0.015290256060875708,0.01788096704475188,0.018379211630134354,0.022480592839478068,0.023178421248186844,0.019290772635902877,0.022800627227524163,0.024508651460615656,0.021165747932927696,0.018257711948651847,0.01783721156371825,0.020597330760149163,0.020671360391683567,0.022136110071573217,0.021653050704152885
0.012165389538630816,0.016783305426838212,0.01917542926128522,0.017974816207859696,0.01599781295048279,0.017350010633396345,0.02184630779099308,0.023269777003685863,0.028562569985864667,0.02380746589985272,0.03203686850958968,0.04689914845049519,0.049674739152680475,0.02150069195395989,0.01095883420285641,0.020467708066326827,0.028704354132944598,0.02615614513415529,0.012621336655417226,0.0163817890815959,0.018902816729486058,0.02566182134570434,0.020293353308338025,0.02407438395232381,0.026687197669939256,0.02567700206526914,0.025322775195028797,0.02689613051962062,0.03337651317262693,0.027386794836906734,0.025750368866529875,0.021834864179066157
0.03151008110612125,0.029106868506373028,0.025400737655079317,0.02390276622955862,0.025300149459306944,0.03011644342777552,0.03444764163054272,0.023090018594483966,0.0174695028151349,0.024046202623940752,0.03719438408834393,0.03985156321775688,0.0317717108434034,0.02087785277636505,0.013804908846569458,0.02091688179875759,0.022470758854747454,0.017776341820985347,0.017244241475487348,0.01974480078528586,0.021036443935609835,0.02427373765696178,0.029562037895364674,0.0290828489262692,0.017219025395692457,0.021939153082630933,0.026568395578474745,0.031702243291206536,0.026587768998141696,0.02796671879752573,0.0291784308091184,0.0304755068409816
0.017343167912320177,0.016538842735738156,0.023744545050086514,0.03026893816078461,0.02052849606872966,0.011927388984264205,0.011583376495425369,0.03787833173272656,0.055323189901945666,0.04288240832621295,0.02236575327275048,0.01956444081215716,0.021848988812229863,0.027320743879195128,0.030532793021422068,0.026844982524440293,0.020783806838319003,0.020935150479683414,0.02034369570717193,0.023497275569576398,0.025683465638257998,0.027523504457289086,0.030981112971934722,0.02995463876348729,0.03530261315658971,0.0353850835076662,0.03432802809542681,0.02337854497112124,0.012478973166039175,0.02332676820470087,0.03096559114810316,0.029591730988805954
0.011414781827186912,0.02087325312817154,0.025272368187332996,0.02353158382503948,0.018534586061811,0.010129967460354704,0.010409559380918974,0.015901304150732827,0.018243551126971437,0.021502526162641263,0.01248971295037137,0.011273397586688006,0.010132832439746121,0.013833021110450113,0.01520479502404933,0.014082158222567451,0.01086905342840803,0.010931918034850026,0.01142826605839039,0.010356337123110763,0.012617867309620846,0.013921734689838271,0.012148029515382273,0.012499486362360023,0.012111007233531429,0.01165884881118584,0.014425322631478561,0.0068177251304235055,0.0048445445571401406,0.009118719885553066,0.010374493806777933,0.017919112135763658
0.015996370505125278,0.018178341856888672,0.016285738831083623,0.012790874873128272,0.00816684700154747,0.007323768774430788,0.008308522755760847,0.011534042917060158,0.009775345496097943,0.012513433160309463,0.011810981375325597,0.012411603785711227,0.01222872763244984,0.01302462906172114,0.013471900012235452,0.013529302743257317,0.01645126979782929,0.014269108706460793,0.012033736708911285,0.010034469780637658,0.010304277734739237,0.012088478718632894,0.010703275480293092,0.012569912649124439,0.011317574242901234,0.01549643158612176,0.011901989297690135,0.008758766460566027,0.009276854153306858,0.026097784656257037,0.03793915445719777,0.016387965724658254
0.017218413232523173,0.015443635753721907,0.02279034569670833,0.024105677912710465,0.016431071326146473,0.01109687396434314,0.012814417311353066,0.011025470521750746,0.011980302824841122,0.013012353086634306,0.010428529813970683,0.016986776434765934,0.016744816077540664,0.00951477243096755,0.01030883105159443,0.01263509274290386,0.013004309630313047,0.01345520477967065,0.012483976697875801,0.010885994195634373,0.014156428882926193,0.020402885224306402,0.019002093501835092,0.026034863200594956,0.013157931367240612,0.010937742123754016,0.010381826406341652,0.009440646618068824,0.013517096927406916,0.011636580820631827,0.019652373746294707,0.012720141679908748
0.011506019267225623,0.01486189481173762,0.020927526935186822,0.02100067354785356,0.015419632766937544,0.013808248293402542,0.017302377011672424,0.02114572291170437,0.02027322340992492,0.012152776756747355,0.015878147917317526,0.01052980552332738,0.01000060589530156,0.013968276049256413,0.017115127367605835,0.014907539251496566,0.01441883830304439,0.016627889125703153,0.023640862439234172,0.015795379987968587,0.013548047984867168,0.01251352469871817,0.014548169643742791,0.01630285598925383,0.022111914596581593,0.0189380559359567,0.015303167067599443,0.013222621074819592,0.01556619675991622,0.008357810077098765,0.012641220297173373,0.015558508591703974
0.02530423206804404,0.02779724362117842,0.022972651632263714,0.022263859582930954,0.01559778097806768,0.023165869023737604,0.01745867345487784,0.021017406780324068,0.02455090509290418,0.017287423507857475,0.014820547231022187,0.015762937895722307,0.013275792828724138,0.011829336655525408,0.01621672654513205,0.014881662379895454,0.015621127371117788,0.016893498453602315,0.011818139594183664,0.01468862149049323,0.016494018337657273,0.016784985781762362,0.015583359368651248,0.02380273182464462,0.010826157342499195,0.01653826685270382,0.02142476440393258,0.02863932601049172,0.028348301637688696,0.02805350458188611,0.017617982656383736,0.024654166732449644
0.0077712285892974,0.019386830276108272,0.009005269560404962,0.01109991864037724,0.012955828475499663,0.014504449320124952,0.014116793163918995,0.014178027334015937,0.01757861963831522,0.027991901486727786,0.020563126846649814,0.014402638405640225,0.012801598701738574,0.012387360474220259,0.011766051266255993,0.014892849603902579,0.022471528948736545,0.01950197706693184,0.015477140300206324,0.01255400866461999,0.014166017955271512,0.012991219755769988,0.012174748225888786,0.01750232880441457,0.014722250648368492,0.016433235672502777,0.011944590804508996,0.014641988794405567,0.011289109972773038,0.009063789839941615,0.016227114413778547,0.009014279054861761
0.027373462002196345,0.01889748827181271,0.020063257539786387,0.02458248097909013,0.02475246017503439,0.022225998617714647,0.02516493567802113,0.036486336897831005,0.02653507568398682,0.017963769836567136,0.02235313241599044,0.02028346612897918,0.016903290500234442,0.008601360792645027,0.01826837069169968,0.018098582742292355,0.017021845087453347,0.01849853756897154,0.017285922875666677,0.02684398448421915,0.033206045137107114,0.029856528039814433,0.028163547988664807,0.032290396971471264,0.023238702241384683,0.020737119680029094,0.0329446006375328,0.028502063784818107,0.025060341492914244,0.020671204504250872,0.028386454874601973,0.022722564017716787
0.020176610975494433,0.015359801202522958,0.014300396905222681,0.017470924821896622,0.019305475181835934,0.010522785953020664,0.009320336976177884,0.013075739931512297,0.013551763099696168,0.011535111309580107,0.005796609777125485,0.010744640251826122,0.013549034102144045,0.017385822382709307,0.013863633203455836,0.02317375353360593,0.023300230974044375,0.021022713004674558,0.013752826785823144,0.011370131342391981,0.01300761920040819,0.013006076014767918,0.011031228888094253,0.00720585655991035,0.0098163644857032,0.012610090386100958,0.009513694724029664,0.008159674038954854,0.011958895339826987,0.014355592521756444,0.02136697456555987,0.019539670156579904
0.013941640087811888,0.023188530032951002,0.02663440163163591,0.026306549761349485,0.012192240619620771,0.013690672505749402,0.011779432723550065,0.013602603323538454,0.011654914467294143,0.019643815767610835,0.007902650055138932,0.007494917683759507,0.014720330620603654,0.02683818096454724,0.02159074275229477,0.013776870459376311,0.008917861149800832,0.00832962656859144,0.014061203528520996,0.01312218112816299,0.01404131624179458,0.011837760921249241,0.01156764607174393,0.014236125301001467,0.019712334113234472,0.019054236357600327,0.01748600256139286,0.013153383153189056,0.011929082822533903,0.010858524574789075,0.016198476702400787,0.024855231835495088
0.016589603499924596,0.015768653147333608,0.01735099991589813,0.015829913759409973,0.011404370680954333,0.015866778633110815,0.014575706133466955,0.012227947337692325,0.018958293170902803,0.01726412501549723,0.012286846695875585,0.013964885842736077,0.01758299545588637,0.011746429593046219,0.0116700707345535,0.013824405100367712,0.01622435567007889,0.014523255629998849,0.007301687165153665,0.007033444409169295,0.010388761278111145,0.014266752810731987,0.013548833412592932,0.008570254714739134,0.01043793196230894,0.014271778083002774,0.0112715800780421,0.012222837747217804,0.016194428350550093,0.01475299849239839,0.011502092179093903,0.021395550153261958
0.014663446383944298,0.023246095688792774,0.013303538829357925,0.014310517044934494,0.014526858174809913,0.01825057775438114,0.020059701495375795,0.02284839620786445,0.010514026716379325,0.014055148647454187,0.018448400938498512,0.016749050004815684,0.009116318820493036,0.00906546413100445,0.011300741484392248,0.007148490611491941,0.006410890434738976,0.013108149471219604,0.01337539086531434,0.016605395434959244,0.010996633737933756,0.008111561667055876,0.008070176689176114,0.011269464074769165,0.021868086264580366,0.018407807209077854,0.015657808882559108,0.012957739577602344,0.012342649314288892,0.013411217837109439,0.018384315366073482,0.01595168906588361
0.018226271046045302,0.013499593753829867,0.010704838904753837,0.012474694235413926,0.03459129875644244,0.03566708075431662,0.030738403360448068,0.02621362429057112,0.020892561011809578,0.027432542187620968,0.01854084816089766,0.013236551446991355,0.011326462837399435,0.018279872285159742,0.023549876564808035,0.017772943439231137,0.014129363724294373,0.013354516646671293,0.012170267725136697,0.015634303012763643,0.017189079839460615,0.01454386908791325,0.015085896772556161,0.016314375111240398,0.021751867037894577,0.018862976060963113,0.01829956769342463,0.018360157122453567,0.025882919933834177,0.02205362749515951,0.014675173698455498,0.008898673646471171
0.015139580959244817,0.017189360952238178,0.018163240330202106,0.023845738148071248,0.02971579516821878,0.023200372321830566,0.018173959922129668,0.030195141139720407,0.03858770576112824,0.025943362727056083,0.016427835321398233,0.014735946186172159,0.015310034212852664,0.020714802721157204,0.01792083270610134,0.017666863085524783,0.019416654217819965,0.02246475477110862,0.024571438916672156,0.02176610750770701,0.026910603427582187,0.02749948486220809,0.024036314221854326,0.0352442213402836,0.03135292377925572,0.024131301016239958,0.026250522636347688,0.019653547234914685,0.024090974273252908,0.029797576464420918,0.027548851807803025,0.014861796029345191
0.010804290259933128,0.023346858737838587,0.02146105177951166,0.022574325227457313,0.02145396164073859,0.0168227091448045,0.016786548505499307,0.020462808743534698,0.028750411712679006,0.02088709279276449,0.01609176959573036,0.01128940555095382,0.006585530073336475,0.012852335286865987,0.018860102895345437,0.011383533763086184,0.006977440745909698,0.0050140137527330386,0.016548208035559092,0.014176509061322014,0.013937191665417507,0.008289759032038579,0.008958004092329877,0.009730297372343787,0.013426145710115852,0.010143746469534181,0.016591243624405318,0.01584486419206086,0.017390259671148465,0.02236924994385121,0.02811382932792402,0.021556265756851618
0.02238205242123514,0.018573868892519736,0.01464631114790674,0.01839716736821793,0.014441988276961328,0.017023098839118986,0.017897320490892585,0.013045806277233651,0.016813345809606153,0.0144533837857678,0.011848534420412195,0.013811224958212959,0.020689971374166276,0.01833706304226304,0.020417394261742123,0.023115118648927527,0.026095804180147043,0.029906436754204124,0.01895536124084046,0.02501531733771051,0.02640216936103441,0.02680089847855742,0.026787072561908303,0.02412976789397324,0.0225474591906085,0.017653521779825033,0.019843204828034023,0.022414274744030745,0.020416348550222375,0.019289666033249168,0.01878368239388403,0.023771965501831166
0.015011282834196829,0.021627578124420097,0.02935531114855512,0.026399811080821633,0.021205594841166946,0.015657257224684397,0.016596847668555445,0.017196088832210615,0.017290689537300223,0.017316872945644556,0.015582991933781515,0.015282304859608815,0.013996264952411087,0.020519564837311304,0.02005685958785244,0.019416156120478745,0.014145310646943715,0.015752481081782642,0.013122619952593248,0.008641935125258623,0.016655939422101477,0.01159393566808157,0.01102538181276858,0.012512242289720294,0.013480978360746371,0.014406111574463948,0.013537634935931136,0.01338523072025491,0.014543268822853757,0.012107867292660706,0.01372260482672319,0.030000935985360362
0.016887894651159325,0.02160452933382498,0.012399559171521957,0.018271083994665777,0.03065601323282443,0.022112515066311223,0.018156199898653545,0.028620458670918048,0.03005179072400925,0.028661764637886913,0.019913853990313323,0.016657423478229346,0.01606087339311538,0.01765350019125373,0.017713787825162614,0.018276152781099262,0.020843581710607597,0.020369798037642536,0.011323050731981789,0.008787495721300987,0.011918008611555406,0.022769873298994988,0.02057616889065604,0.01837227910460214,0.014316769003606105,0.015789430305683565,0.01855233516347829,0.01983319066628238,0.030983824914927762,0.024803529601344493,0.012926472974787368,0.015369965424514317
0.011855204427649776,0.013655033534731197,0.01508429151408707,0.02632616680960411,0.02498567484595655,0.014466210335916217,0.011633222518823224,0.0107057022443049,0.0143681026449808,0.011752548438514492,0.015908285625486834,0.019339157275027125,0.017866202194384295,0.009250578079786078,0.012727382639393972,0.01854304878581197,0.01563580994322545,0.017218432550063802,0.012797413464547835,0.02054233402395237,0.019702292302636832,0.013598497517425642,0.013202794850045127,0.013077692950600375,0.013896564693003856,0.014355607928488964,0.013371310410585863,0.013523468759722249,0.01536170109621313,0.021088536535561808,0.021096251744476272,0.007014035128231298
0.015998801190136115,0.024456027389717364,0.02753865271422359,0.021556668058652487,0.03047150698314608,0.02562326943355301,0.021944861262839784,0.03164172717115084,0.030431266098093986,0.023988898888105455,0.02341327258139179,0.02229585595742778,0.01706472423797102,0.010053397860288082,0.004426185453730031,0.008095507813517755,0.013185637889082944,0.013801165470969086,0.013884134132068009,0.019196402602534857,0.01959577861590409,0.020993495719541722,0.022659974432551227,0.019796168672670346,0.016393636117553775,0.026656766621818262,0.02435579352803953,0.022277847358381744,0.024318507966203124,0.034710029032053835,0.028647292419675348,0.025171272233532688
0.0299460615586781,0.011553199000617237,0.028345778424947638,0.03163639923557839,0.035037238729270385,0.018541061482734975,0.023392963467659948,0.037388345952983196,0.030156229061276536,0.025454937629107208,0.038019879412263306,0.028214798638791377,0.03173126558881603,0.03740631880593561,0.01747790595212642,0.022219975565499844,0.023717957160153607,0.0210767026282199,0.008756534523744508,0.009732925199714812,0.011719859973248157,0.021631361009653672,0.02224422059990833,0.019250662787472568,0.006246972657178376,0.009398864814085327,0.011339408018275538,0.01230149459162552,0.013768490317077104,0.008598181071431805,0.011296571109957462,0.015794895229921623
0.020378589918902627,0.027170740424832585,0.02439993230253884,0.027881837877484238,0.02859509667525939,0.022177746992311516,0.026087542078765322,0.034940183232836805,0.03204931991951474,0.03446688125084287,0.03019433475663856,0.025863305872456523,0.01651681857801315,0.021311996895221025,0.025503843642935592,0.015311014651173592,0.01633766250270341,0.013303548424957031,0.018140070913158213,0.017396898009319317,0.019615085584976443,0.023548366457679864,0.026544774040075984,0.019108633111012758,0.015263740651634035,0.011515876008374858,0.013964769991008423,0.01757057681998734,0.020820893043760186,0.02226197572037633,0.02299916087910524,0.024136930508005052
0.015703480460963645,0.020821153513742332,0.022474593285942344,0.02545236448502856,0.030551576258661072,0.02223244804015828,0.01631338183064199,0.023046323045013285,0.0281042653548413,0.022881301615208106,0.012612228152313585,0.014596314703007074,0.011718821322833658,0.013511680784324819,0.012816672937290611,0.013614740990249471,0.012820846157264802,0.014374864258041395,0.011025684741854183,0.012180809909236371,0.01546708502955908,0.020377671848639332,0.019730206715010346,0.025367272735553982,0.014500381583058226,0.014228991965110842,0.01633176912637922,0.02020374150500663,0.023068742229466786,0.029582723573177882,0.023697179742741513,0.028079576774316977
0.01728202933100982,0.011563091401483132,0.014447025101614117,0.016907106328103452,0.012053075157369406,0.01379853680783127,0.009929817432388568,0.015986243177753975,0.023535705094977304,0.017512242219222155,0.018889908687405796,0.015487365930614193,0.016629892065265932,0.026403670337561278,0.024923335004004045,0.016529710570593232,0.011654645415506539,0.030245881162328653,0.02560604158575453,0.024333006051903246,0.010051441536545304,0.011428712330381785,0.011044760304330407,0.011627014829381815,0.018937688976424137,0.019058445168811274,0.017653116649545397,0.01329456093747437,0.01607616481149569,0.02223485389488733,0.026320908179934027,0.01918106129267474
0.017226900068256692,0.016717948207076113,0.02131780394846917,0.021838230347096747,0.022491937129591227,0.0176180311719455,0.014669346026555601,0.02306350605953374,0.019234375505063073,0.018936694279691416,0.019538048905463144,0.025224937198429942,0.015854007859732525,0.018109671866046992,0.013785421275486261,0.017285314171679163,0.018355111779647583,0.01596555284969969,0.011574505300803516,0.017534986651609907,0.014928509202280815,0.01706428468575518,0.021051471620938816,0.01355138355339978,0.019344151046239325,0.013568389853991215,0.014801394046958873,0.015911442835453652,0.019770680202496303,0.012479109547844243,0.009467410606539177,0.01649307214703116
0.021526394594580566,0.027497243592459374,0.01659682773827954,0.013435489918096667,0.022614961132638944,0.014840393708739618,0.014297504039835835,0.016667995007617162,0.012930721192418686,0.010822383011775247,0.0188985387219955,0.016591409572402554,0.016800358233619944,0.02089620627231907,0.012744041963358597,0.017677863846395966,0.01817697163390349,0.020165343040114393,0.01415271209916033,0.015625120367680816,0.01748696502683024,0.01401240632670508,0.014661809310731615,0.019031204415316434,0.02009549945465038,0.015913551216412997,0.0139248145271365,0.017236037251707186,0.022377444964153215,0.025093203956868506,0.026038826836320392,0.027333918235805423
0.021286116282951052,0.01162244402417078,0.015151543752986526,0.009797336354120995,0.014781528166913667,0.013856255397120586,0.008877256605868935,0.019640064247695776,0.010983733887719484,0.00716225919463879,0.008530097820167825,0.01169681232367235,0.011452568258780138,0.02607198615255277,0.02487660900588113,0.01186737385215824,0.012113633457095145,0.020384156790984674,0.02035552004256723,0.021462705324012545,0.02720191698432154,0.014189554614805708,0.015585628173544717,0.015201064153755986,0.025363698106012043,0.031303932662997934,0.02901642593629306,0.009773866385638548,0.007936594810954836,0.015120252569732602,0.013884225011290696,0.014433557841394731
0.013743695982129916,0.021610178508110756,0.02512248487613818,0.01305163172221368,0.014233449253299089,0.011348555228712027,0.009504006839277298,0.015970062010886365,0.02512068338253858,0.023499226451116954,0.015969924509971763,0.016953986363477145,0.015522944151820988,0.009752963791952748,0.011887620928414597,0.013880533557549398,0.021470060085502268,0.015543171745444718,0.016381137500177285,0.012022011532823207,0.01363663947384318,0.016689910417212947,0.016855020293358842,0.021916353160286114,0.019548303257243684,0.012810990293075373,0.015607930728680313,0.016754443894937465,0.017795335416148243,0.024679530102236284,0.02111280751544009,0.022341911341518524
0.01338229934371856,0.012699711932168272,0.015739869364526204,0.016112200157400162,0.012965862368363584,0.011514055814236304,0.012953843066074163,0.01855531486656667,0.014325003327282313,0.00967913927536473,0.008183815558455687,0.006983305384014988,0.007868418594033281,0.010135253456057933,0.010136201183331162,0.0129774954113191,0.009060714574146957,0.010665767980244122,0.014345405418235115,0.01485114180227427,0.014413596541270491,0.011602890156178514,0.008918231200914157,0.011435742872630284,0.019175215422932445,0.013599128806678696,0.01441911882798162,0.009938270230025918,0.00977613166125479,0.016948425999474437,0.03287607308299468,0.013683773440376308
0.01115913313984187,0.02064743201664313,0.024329415588082267,0.02272537940824435,0.024822621628756807,0.019366747753202098,0.01519784039409778,0.015106959273792412,0.02434004900754498,0.013938087226629935,0.008969883078105732,0.009235206119364117,0.01173463138405159,0.011820479857568764,0.021777117687353544,0.014649728836903471,0.010082465715942795,0.01189772500361677,0.012897028578054314,0.014865457374760216,0.017779168439403196,0.014879066970274786,0.012866006005816359,0.01568898312952373,0.023201635328703542,0.021013232122665898,0.01458843254586598,0.01634885462639126,0.02140442321728646,0.03228884101592388,0.041753534484775576,0.023666577708552856
0.02255508910917758,0.03391039753067718,0.023814049076268714,0.017782892056472016,0.02242413664890906,0.021851061645874338,0.020140252730399273,0.017191406684158972,0.014256499621680362,0.015911983736236472,0.01643919954466307,0.01877343162859386,0.014665204887507784,0.015540526386373127,0.011674356272049715,0.011690404873818394,0.01173084922343836,0.01330140194527575,0.00999618638482609,0.01169586868985867,0.010959139532873944,0.01755118527080236,0.016146500637503263,0.018353768640416396,0.022480423766871253,0.026168534704746175,0.022672629007564768,0.024958835304864528,0.03469557381040797,0.032439761200462526,0.02381948251055957,0.03218288513828121
0.012943896805773408,0.013193001761949454,0.017482661344680298,0.015539228870287105,0.018104422733215057,0.014809393391658356,0.013307450987474222,0.01962534782707427,0.011076591486736852,0.009853152037631076,0.00798646947956299,0.016457128134186965,0.017493175754394137,0.013550621693723468,0.017640262023690532,0.013597577199873284,0.013762295930613637,0.015585886085480552,0.017680580765010646,0.010873451280717062,0.009137125320086308,0.00983347546217396,0.012505210090366396,0.014224767726201662,0.026673320275064,0.03265959874729033,0.030529463418584757,0.017819389171541265,0.015534872967314301,0.02545166679976879,0.023499747421012507,0.015877061760250836
0.026044283614702995,0.034333918366898496,0.05678975666757287,0.038804058463684794,0.02262372697933144,0.028839240112922663,0.026337737478917694,0.03458927629105964,0.024754592461519464,0.021026852530045298,0.023011673188863657,0.018623873657557865,0.01880080609625553,0.018450195141486624,0.017670924734197607,0.018772713903641148,0.02819426766864619,0.02585117386376427,0.021134366631376054,0.011161261444557449,0.013220284554499988,0.017183805684129073,0.015766583686277133,0.016454385009860795,0.021145775400305745,0.020777466228057564,0.020072930096486405,0.02397805778527545,0.029333624890572403,0.02750865549867165,0.026751815273096082,0.039485178832167546
0.02973628315409707,0.023069910972209347,0.02119696012682807,0.017736140189530635,0.022118791043245687,0.03826492356767708,0.03276871636163158,0.01732016539124406,0.023962744635445336,0.024787326120329443,0.029020253789913037,0.020297444768623652,0.024227359485348137,0.014521995616618943,0.010055109827962158,0.019092802689844066,0.02919593372783949,0.020759599217662454,0.024592955197862088,0.018705439852354785,0.015140750556683626,0.024193202475570687,0.027861168541508587,0.029482454807367706,0.017946795398558247,0.01658951896538589,0.023259319689391107,0.03142275309257725,0.028520691439601738,0.024903515935287848,0.032401636287151855,0.02735139523599849
0.01032311532150981,0.018876816421334035,0.01750580090747282,0.019143405501535423,0.021684893794893714,0.018199651905843724,0.015607381470135902,0.013527150021241725,0.016683457777888346,0.009401394603418364,0.008736841477083687,0.014804028806392066,0.02099214686074575,0.016474968234253106,0.009395899922866323,0.007544078926202202,0.007842851677637916,0.007422992102610058,0.012429864029745765,0.010563693112108419,0.01289013634049499,0.010810719724134395,0.012913360146564409,0.008634038110141759,0.0064962365511028325,0.004457354441230771,0.011759871957276931,0.015264027527066798,0.014043132674045451,0.01395454201874104,0.019327636345097817,0.020359819957135535
0.019727586921839617,0.022131768140488273,0.021609832243615686,0.018114074434406404,0.020395208499521096,0.016548642580480114,0.028682904832713775,0.01590046465075839,0.014916543118526741,0.01587713724348859,0.025976776237311202,0.028720660810008607,0.03816989432581457,0.020576151360573062,0.01589153967760031,0.016419808473894952,0.01817917387544381,0.014285017555256681,0.01427007603003285,0.01751901195733635,0.020328044807313133,0.02681165133179514,0.028013713013428428,0.033226503978884964,0.01817615136676728,0.025705669136321628,0.030161573542912365,0.02546866801391574,0.02457697030502977,0.01928527344666515,0.016808915001834457,0.023466965003001685
0.010071694998642045,0.012779768652629708,0.03215292949861322,0.02940808990598639,0.02288915307938298,0.011102043043983635,0.009500413038954466,0.023831748618004828,0.02758962431104576,0.026756067907489002,0.01616015582518464,0.015600874580931845,0.020960398398763506,0.034700372290941084,0.02363168212196523,0.02899519729921263,0.04417483200336132,0.020084239380138074,0.02238757833653948,0.028248229130262075,0.04795919769621554,0.03191290211657629,0.02435322199866653,0.026144547432539696,0.022325986016449313,0.029612751652117655,0.029788676789942323,0.018446435675690563,0.017745394491979156,0.029173956267227442,0.0337615842421495,0.021464601983029626
0.01949047317584517,0.020936016657312616,0.014189006087944607,0.016811974428664587,0.015000704719531605,0.014821549530439319,0.020521867040540407,0.011613565361365296,0.012222882977162909,0.015640577675354164,0.01274376268709806,0.01776684886417816,0.01855770831943772,0.011663633581048532,0.012574088497811392,0.01001170864256005,0.010889546165487648,0.01263218527016213,0.014404557945901548,0.013203359169648463,0.013513052958373361,0.017362551679380816,0.01605379382009719,0.020208211146055706,0.013292033289614211,0.019162178453445533,0.024338791469574295,0.01950520634335781,0.01958187507983461,0.01515344361061617,0.013008401243317843,0.019641386756538048
0.01156989017794613,0.02558751769588212,0.025117863363423972,0.019736689494480614,0.016177053516505578,0.02196315373153294,0.014754617089370814,0.015983869175331084,0.015305915629020507,0.018944294252089246,0.012946334573878041,0.010059602603238845,0.007716274951208485,0.01237134806771726,0.01139363883316652,0.01219912403437352,0.008677412491541223,0.008770579348094729,0.00887080788400761,0.009835074396534272,0.010251711310257287,0.006723635179858224,0.008862551794682733,0.007593182458729222,0.0221907457010357,0.026609023114082204,0.016968420703816902,0.015595123750708187,0.020819405184317227,0.03628079412449777,0.02598637531090278,0.025191677519931118
0.010378381766983956,0.010507763205646397,0.018538106543742515,0.017121079116383418,0.012448678527030048,0.012193755510063633,0.02125228885972134,0.022021097180117407,0.023392606165506948,0.02102441706721248,0.026941468445999615,0.02089234440399228,0.013353660387409323,0.0189068296945216,0.023299890444902976,0.011899632252788561,0.010730634520846178,0.01342297666289439,0.02022421056119167,0.009263728817616678,0.00814285257636467,0.008025396732987482,0.00834272974876944,0.00974685651037634,0.015657927864357088,0.016125500058663107,0.011051447394994172,0.006791031489441353,0.008818535186650775,0.013227335006143051,0.011396300062240532,0.020527095714804995
0.01755532946412684,0.008650528414560823,0.013922843731541713,0.01695372843008463,0.015371897462910037,0.013092869879319761,0.013775620689928145,0.015895910221126814,0.023481731562008706,0.019626476740094816,0.02231361462460704,0.02037348154871332,0.020668049465836065,0.01996940984813259,0.019853352285558495,0.019678361675277554,0.01776833207841021,0.020265564527891626,0.024939243231338646,0.019487901379622023,0.014947196776868074,0.01387456370822301,0.011964718109159195,0.010830691492285622,0.019639969378902132,0.02299996927168852,0.01867910235938519,0.015782237347027137,0.011711166290783967,0.013648455079832653,0.012910386466527944,0.0149489719980849
0.021167955156513804,0.023744903351792638,0.019861271168804248,0.01773893756273534,0.021601453622970473,0.021714781352638508,0.030132702848687493,0.029215402973830875,0.018602127027103184,0.020474999191533484,0.029729723511775566,0.024119522703112902,0.022537539241610994,0.019313270139618352,0.021764462502066654,0.025206210444247062,0.019449089992003253,0.018007540338991497,0.018267796255208142,0.021046127770583907,0.024866845136104935,0.029550147505039034,0.021379785793207363,0.01990077151826734,0.024983247043394073,0.01753549227317219,0.016973780939128446,0.016624161454647037,0.024381508881377367,0.025937186361602645,0.023009578511728697,0.018323137651260993
0.01385022006057804,0.018666944891316203,0.014111154567008333,0.014820632507977102,0.011041719551199838,0.012891082686131405,0.01532325983926096,0.011833158416842482,0.016428150864126342,0.02565502779731314,0.02170416483395453,0.017665552285464157,0.0199343333603826,0.031465907627349576,0.0262252031916061,0.016526613540018702,0.01739884239683085,0.015476835510759911,0.011068510393291025,0.007446778452312855,0.011402269259467513,0.01650981972924244,0.0203099474474598,0.017596403078071338,0.020067005336543358,0.022311368685589455,0.017350990530117464,0.021996000641777137,0.02389409525770331,0.02180916202158738,0.02433957330961209,0.01877154049298288
0.013469907358154322,0.018683057209955622,0.01688236687896501,0.01731524089786523,0.024501058184470244,0.014502835734465388,0.012856805951018383,0.009704940781859983,0.012225755597160137,0.014239270235667475,0.013573139819656362,0.010294271424178044,0.011153724080306742,0.015098046382698823,0.010050919809992436,0.011781287342556526,0.01635775467203193,0.01991019691839193,0.014023368562576848,0.019946142030393695,0.031628280281405526,0.01774085564794349,0.010347156160129298,0.015112866657230002,0.019297056243372416,0.024529764887083663,0.018565051976436684,0.012642631040037837,0.015473885262129878,0.020484594363386587,0.02635278655475317,0.018795104993425425
0.012148842769969194,0.022825875576458137,0.02633849710589518,0.028300785302211518,0.02763152015434767,0.015294222034215925,0.019117592583659606,0.019125549502453258,0.022796962787076918,0.020092050400735795,0.02348801448404949,0.01387121994369269,0.039696938377146315,0.01284883925110954,0.027271149790347653,0.015536679630840476,0.02095742094520432,0.02138842444557614,0.014622685687721532,0.018490001089802498,0.018229470470867905,0.029025900583824142,0.029239792772479015,0.018799166382755677,0.021206101018982754,0.017787666055238058,0.014683137119142521,0.024966309952460623,0.0196254000901329,0.016453054090819593,0.016490289987218965,0.029355850228003647
0.016504076220627616,0.019866370735113065,0.02357466301409721,0.024719332568980925,0.013978804754123221,0.018193344137163264,0.016777645035222825,0.015349372289650961,0.020860372096936843,0.009178596747242493,0.01146878177614859,0.011860078653614523,0.011085174663904442,0.011477662414243415,0.013641120223468918,0.013679317758058872,0.01496761567183449,0.020466005118098967,0.02414349672124602,0.02912024787261595,0.024616046045715517,0.018526791328329295,0.01831084439647133,0.017797341931607674,0.023206047347743813,0.026908423206180386,0.031233703698408066,0.01979143633681332,0.015753747241718966,0.017618968162719354,0.019687100485961603,0.024158889427519648
0.013500086861852691,0.02540524014799544,0.016414430380836172,0.015652819924980365,0.029636812528652627,0.02461473595171436,0.02351076778077371,0.026130949613708186,0.026972152658841557,0.020693357402792104,0.01745083075000201,0.02121102244974872,0.018920487442324593,0.01022165741428431,0.011690512705835309,0.015096477753259159,0.016852947681960554,0.014796478462682545,0.013226616425864132,0.0191676780013763,0.016383038440893765,0.01641842838159187,0.01567154665000302,0.016966747193824266,0.0121854933270323,0.015943028384431762,0.02601072581374503,0.018376954480160416,0.02072074223162208,0.03147778450941745,0.03871229229417318,0.01941655668066722
0.012737678653381925,0.01679575800965826,0.01375283033217483,0.013303477871536113,0.008903665799753884,0.012227416027654887,0.012504763214498478,0.008112807431578545,0.012963154078997115,0.01483888678266901,0.013076792856189177,0.01664286496774855,0.017901969441112088,0.01414355052395782,0.015583816666707977,0.014685916440037212,0.01847186819695485,0.02070711444501107,0.02172507249913792,0.014954411990004923,0.014581442007572087,0.01649180402697692,0.0183339870855962,0.01703992296642075,0.011725412805312778,0.016492411235769455,0.01786019227986665,0.01666909786002123,0.014770420937000811,0.016991477212498714,0.018707267229608058,0.02200596673813064
0.03172540627723142,0.010158151556464493,0.011396005249997539,0.01559861246630845,0.013051831460312044,0.02064106357659398,0.021797114968935435,0.032829625579970316,0.02748294904232603,0.025940520317064265,0.021314391871580223,0.02093776580922963,0.021195462648278207,0.024678335572676725,0.02793145646020919,0.027050842419289428,0.030182194132546594,0.024786758692651855,0.028346584731115707,0.03169457054487224,0.03515826051433694,0.021592853984397233,0.020977780386310072,0.03238368973521644,0.030798734953447423,0.02473089021446046,0.024152040120572694,0.024509386173604267,0.01977788490123307,0.024602344027038425,0.024142121361307896,0.011931751925146136
0.011858084913522674,0.007824562853097435,0.00591648141964174,0.0052799484557665205,0.006672472116245248,0.013056473746708142,0.014705460178473335,0.0226167180039514,0.020640273536409678,0.02483723579517066,0.014537624478372053,0.012214254518250683,0.013188821602753321,0.014586532207281368,0.012573103099412276,0.017237325848169643,0.015318088240966844,0.01232617693994287,0.005568030261311578,0.011131866258345703,0.01871910536081065,0.020849727308925012,0.014839754337308306,0.012796942283649165,0.012246874606018065,0.009517551502520196,0.008813863195088317,0.012600967590911302,0.01457208662720049,0.012960877934772562,0.009684118988594979,0.010917641972925548
0.02680921072375593,0.012197703629485667,0.013042529470499884,0.010864612410117666,0.015465944049482636,0.01358414179868812,0.014123632380724425,0.017689942055308015,0.0402899268347178,0.022380787349819797,0.028401320395718653,0.01383544754753241,0.018919850348015233,0.016478311736157953,0.021395451865626754,0.017907936597712126,0.018277058767036846,0.012690520543332091,0.011058173298834476,0.014984306630206837,0.015705303469387068,0.024606405772010686,0.012013628370945129,0.017617329885998227,0.022318382259297716,0.019786789412641607,0.025325571542365467,0.0317916256541413,0.025508390035378574,0.03973378463820549,0.032577435930956945,0.02176023626826074
0.02035626020249745,0.020248036308164758,0.009664410768511671,0.008713439140188408,0.012158607930258187,0.021147992891483853,0.015899848729710616,0.011192788498423823,0.017887455266904922,0.01346196176260981,0.012244320476741542,0.016941725299838666,0.01550848590491268,0.017059350056142623,0.019985756501150097,0.014883844447178274,0.017001746667502718,0.015070330641178601,0.02481931121843109,0.033020549830697486,0.030053087086090193,0.016750463882556875,0.019355942661116603,0.022965154063120226,0.028786649092422904,0.019483506457237364,0.02798824830734592,0.02575843224856494,0.022935065997538518,0.030980589957301168,0.026558751474772078,0.018297412126217775
0.01924607019465891,0.014337165711015969,0.01637536019126069,0.019224957557976787,0.02123233912696504,0.010110499859466488,0.013383130965733282,0.0187144120018691,0.019941737999586637,0.015038564783835614,0.009460347963983942,0.0062300094534338485,0.007334318449378143,0.012075270689506971,0.016963197567060495,0.00753982577662117,0.005403394759006676,0.006912836331503595,0.012479661131017972,0.0162495379364812,0.01358911336322269,0.013073376724826048,0.012002320993552258,0.01576919916684859,0.019398153118673066,0.016771514052525593,0.011779567201202358,0.01176329653543397,0.013634410566026047,0.01443738576435969,0.013486376331510026,0.03878443549206494
0.01700633682628627,0.020533395398623484,0.01269709655172538,0.014468956984537727,0.01658306975518212,0.020242420577923928,0.019755588445920822,0.010158890821839028,0.013964438885640994,0.012872304484109398,0.019438164025806573,0.016729643707645715,0.013488301840888665,0.006354817064001276,0.010663671717687808,0.009158476786053473,0.011879376200887306,0.012348490825369136,0.012688551578478051,0.011383298777808887,0.01277875787000124,0.016581479019552363,0.016138597687205068,0.017075357462325694,0.014525220738643832,0.015078901210182327,0.015500506359439259,0.01904118946906133,0.019400369355254157,0.016735029098423723,0.03139015697188892,0.017117960810933613
0.01516487227933491,0.021424738000647835,0.0220846206631687,0.01619115177740334,0.01265753376120236,0.022725874552836787,0.0168454303227235,0.010262461348867507,0.012941642902100575,0.017143116783971138,0.01995232260219182,0.01497658933205202,0.013421094065569029,0.020809253230337433,0.01524275355702686,0.012729357052123753,0.010480675933076306,0.009620910296777922,0.012108929638739276,0.013212903158888982,0.015365944944548125,0.01684218735427188,0.02356781319756388,0.013655126912681595,0.014192075387040754,0.014285106580069358,0.01682323830570471,0.024013399762155777,0.031562614057493256,0.0247906732874462,0.019166756388717315,0.020117974019676892
0.024490702831921413,0.013115819538758238,0.013401709685299908,0.007616435884378812,0.022105786053936337,0.026656097542622235,0.02913117725749092,0.02380709711728302,0.023547594939659078,0.02439269461563017,0.039365765735561574,0.036639996973939305,0.03543251250659161,0.022529668433032113,0.02124894406106607,0.023058694949691455,0.021954962723400123,0.0204239537212833,0.03024955627320085,0.026287943165304833,0.021529552416852286,0.02356523933689743,0.023156801376091562,0.022290918287462238,0.013468378978329884,0.016870970108213,0.01873258073810684,0.023937028273516334,0.020591567971991836,0.019800590730606582,0.0210196381932697,0.015758909922004155
0.015812273921269375,0.014138306446159446,0.01432675991765466,0.009326025462072302,0.014019923298536607,0.016468526166071064,0.01894450111621046,0.012403426528943579,0.016012225727359674,0.02172863379824847,0.015930235656481773,0.01782570521391823,0.015893666195567903,0.011667343619157756,0.01651341257268854,0.019176189867461058,0.017980272962241747,0.019571067316517567,0.016192628487673902,0.017674287467797235,0.017892495051478535,0.015015059327981388,0.011460461827880221,0.014067472958775662,0.015599129563621961,0.01725692718849837,0.018440742604288025,0.02198879760632774,0.01953770935998451,0.021585432239152446,0.02263031849370427,0.016629807995872537
0.011876795528207534,0.012427139177273143,0.012585876200068047,0.015423174350634264,0.016143314667706878,0.01998590207724538,0.02190952747823241,0.01921539717257162,0.017499013756702906,0.023154685515404273,0.01832401150408245,0.015492258125254435,0.015279708214842492,0.025730106051063326,0.01744001169592286,0.03951880779182421,0.021859649202972863,0.01886782514924987,0.019605540700206814,0.017121968959982043,0.01959373536766465,0.011770143098813022,0.011323782389499765,0.015120682337332329,0.023325486373079265,0.026231655237299405,0.02681741184731251,0.016415164695765705,0.024463285863098944,0.021090101991228162,0.01606868925428416,0.01213646116464237
0.014111733340408649,0.036740349760593184,0.027268739410746656,0.023493438148071727,0.027314819879769105,0.028333881978414004,0.023401729545365596,0.02493082439342098,0.02339621412777864,0.017699013679509438,0.012637841250560406,0.013462004516990625,0.014016573356610473,0.016071436578976205,0.015556072869479614,0.018881174546935244,0.018238524349289395,0.02166675886239313,0.02902014067867156,0.024966660764341744,0.023782027483830254,0.022219921084607498,0.02158648117021232,0.024361804181433452,0.028898804420988754,0.02553252824742518,0.02613858743841875,0.022626856723321695,0.024869896190835846,0.022732166034919482,0.022848162867427402,0.029559263252075203
0.013743288539077667,0.02168703050978397,0.02085470598367647,0.02109441554673321,0.01633497867701632,0.018571166961247176,0.019773994472525605,0.020392220862029027,0.022410146203988138,0.013865895098564977,0.015656694487497808,0.016105818683312925,0.017043580323889865,0.0159608419213235,0.016154297547573165,0.012642629083731125,0.012943089257558434,0.010904530590473319,0.013031015669739313,0.011426882912917867,0.013686992386160958,0.01501273430627719,0.01495291811223285,0.013504597731356144,0.011842138805169983,0.01601567520681724,0.01396630759538199,0.017496589864550213,0.01925594723518526,0.022094592134851317,0.01993602817763097,0.025947370147653366
0.01312646742630215,0.03394952615720795,0.030745738447368574,0.03027800554188074,0.026337613351351628,0.01926018816200358,0.01662113272047998,0.027690243105860882,0.02367615360878961,0.019382633786692745,0.012980917329483475,0.01279843387464527,0.016121916622775956,0.0276835791607935,0.01578982361092566,0.020717793963687326,0.02229205705696077,0.022239738463302235,0.013661305300438032,0.019924277605797867,0.02806698323796304,0.017822642337613166,0.010855568142637228,0.0195606353303461,0.02136498329915271,0.01515523139891798,0.016693629110505866,0.013625241897736529,0.017137581170704873,0.02405884930542351,0.024536400832329178,0.022272347488928958
0.016795579855503062,0.0140344653571245,0.016477710608743857,0.015506498072302963,0.0165631282379734,0.02446821456629739,0.02421432125355532,0.032012594661712086,0.030470432561506763,0.029593346187938695,0.021611251797245483,0.023081257636989885,0.02073374202723415,0.021616719878118577,0.014963598794958358,0.016657920748022456,0.013913633426083288,0.013188397340847728,0.010990880874323415,0.006140647000742695,0.006557279892377224,0.011341671235267173,0.012626465817526623,0.0127598612477965,0.014734829093152515,0.02465096930487398,0.024688566186307572,0.02238496050467454,0.013173363508521446,0.015813407332990442,0.013602458883834972,0.017592283002000133
0.013888335998302503,0.014888206510839708,0.011568928025022985,0.01265596668976601,0.013682510337052051,0.020926106745975705,0.014965974759969093,0.017228071046999405,0.019519396003013587,0.012467712917075931,0.020020741644085405,0.019111190175313944,0.02305623657830673,0.029862998445760357,0.02142713586535242,0.02604085443005928,0.024784425309204983,0.020111827485710266,0.016238264803347887,0.019541365927617356,0.023773807111975957,0.020342237100313406,0.01427194722145472,0.017242792215929486,0.01972041828799162,0.01802338281600117,0.01583091550135263,0.013908110400284852,0.017183832171853323,0.018058484822285125,0.01644994497576611,0.013793644926424185
0.03903124953773588,0.0432447045622462,0.03702359228496139,0.04230537362724181,0.05693251542369766,0.03918344349336563,0.04947113544468114,0.04843677184303902,0.041042952549125676,0.0392343768187647,0.038002941388574143,0.046516920119194186,0.03595818999319511,0.04370828993740986,0.048210601275981986,0.041204986786607674,0.037034873219786345,0.048219986693579006,0.03931694129550788,0.03223629026474723,0.034337371492689846,0.05109372728149391,0.051777321878422954,0.04258096283375128,0.021649935373480773,0.022430385466361412,0.024478313472662955,0.028365177478599794,0.025541552334093904,0.03601618445856829,0.039505227595856666,0.0367249177686249
0.0128177534427289,0.023887153978916567,0.03267102095582645,0.04228445404666602,0.021216248471629957,0.02206469463763193,0.021183310479728476,0.02329856929333265,0.021024840826355813,0.021659789986148932,0.02251863290785934,0.02089957134604109,0.01653827981593772,0.015706822270575474,0.01847881622814727,0.013811175276745752,0.0141588854430847,0.015490641848319605,0.02644594967221675,0.020037534852894494,0.01428497322608818,0.012844322826263072,0.016707633780356675,0.02173784453948812,0.019759983093882934,0.017147635736813327,0.015305093115237107,0.021662194140695475,0.0258090635896593,0.024794183490722578,0.0257254123708099,0.021981052194016203
0.03847265863965488,0.030157008486025753,0.027801257162323414,0.03278184691665725,0.03063162015293767,0.0338814136290267,0.03325417436925708,0.02914641893506106,0.03135050979638726,0.03828576122496853,0.037735242625195724,0.03334044844337697,0.0317609689822965,0.03509859355903011,0.029653631326908333,0.04136423948967312,0.03525485481711607,0.03331608452998059,0.021296467751043244,0.02183771848755189,0.028363544599612205,0.034630201726153026,0.027484166068803616,0.03181699954411528,0.029374847673827423,0.021129871363386492,0.022789202787416904,0.031099859625071904,0.02987233014927183,0.028637695095760432,0.023127305995144423,0.02166386570962214
0.009142756360460032,0.03929602656396495,0.04377718478065201,0.04843242214990568,0.03802077009401553,0.022793840451698823,0.02436910389693198,0.023651429741464596,0.027753499231454277,0.03357512405499762,0.020583129254407525,0.01211778396084776,0.013045289319308076,0.011166185113855824,0.011210997214832652,0.013620239360701137,0.011304995892666387,0.012013993813606915,0.015029946341922958,0.023795939472197727,0.014740781026739877,0.011028073322487572,0.014397347524078319,0.014966126619931608,0.01430832715521001,0.012499285815535334,0.014918972906218124,0.015934127774515687,0.017724938016287713,0.020449770713976995,0.021728427422768686,0.03375456620724534
0.015049929710930911,0.018524744486041033,0.013773076625833717,0.016010612279465368,0.017507627785089207,0.01705082457236018,0.01689737654567365,0.018373113006009616,0.02524610408185723,0.021694923739995906,0.016983545680852252,0.009724727823001954,0.005573257560410695,0.0075483715770329005,0.010881034473656705,0.009385181490149405,0.008204380188851673,0.0058099827848975055,0.00639016049567087,0.007464762442362117,0.009644403715980465,0.010836850697294927,0.013355524220319041,0.01396305912048149,0.012243003135110345,0.015243148152648999,0.01387829332403186,0.02553261019235522,0.029220817740673477,0.021654222321961524,0.02155775915115417,0.031750582733314985
0.019452977153493128,0.03211249950468233,0.03187092498457806,0.029050205468832878,0.024646791584600224,0.020332734669990023,0.01797907315982754,0.02003638598510155,0.020948128342037953,0.02111441492238668,0.022027294460313616,0.02211208286630864,0.026538496952326227,0.032848838545903966,0.03168770809451568,0.0161601680615604,0.019226561734721308,0.02061185734689511,0.022791155779146047,0.027926198940952017,0.028141248178716268,0.022364747920546796,0.019169400786739163,0.018506690494733084,0.013091605162635593,0.014097872905629236,0.017137456012899545,0.01808522422598503,0.018211874083071098,0.027439282727861728,0.02826899041194504,0.03524546276250186
0.013229199211207465,0.015461068612643045,0.0164087263244622,0.01715629296497871,0.017084082940506843,0.015531213130865107,0.01207598748098479,0.01212777494149909,0.01602085904484302,0.020961445708396028,0.01174271909089868,0.013674122280662568,0.015620793543791311,0.023775242610299747,0.02670788467027084,0.02677977060321,0.019631999604644026,0.016436499894230773,0.017229624376150655,0.019572472011637445,0.024946376980623245,0.022810783738271563,0.020477639143600047,0.012622215114762136,0.015667958324444453,0.019505476269429,0.02117309966588071,0.017055505914423476,0.014653467931532223,0.018729210350752513,0.021659902718419402,0.016183126070817122
0.018496587110308323,0.015829664910269603,0.014696602134466332,0.01656436457908236,0.011228432978353005,0.016528493228839668,0.019478782524104704,0.01750403935592263,0.013040311692676396,0.017851795729805157,0.01974013185061172,0.025603863166509193,0.01976717125510855,0.016043928078329633,0.014847579369525863,0.017600187278168342,0.017064286256692675,0.010614828988120793,0.01278208313025079,0.010614085670880121,0.020093504288988262,0.0259316937487131,0.022145259823318064,0.030619600361712313,0.037682734983715355,0.04312030127868901,0.03371734683320182,0.017990693354429817,0.02168357906122055,0.01655342676615686,0.02092980908020732,0.016242712948656347
0.02354296338730529,0.019464654993923608,0.019292350428248315,0.01875555541206328,0.024543917581254952,0.025663917781003638,0.025719876770727432,0.021123885102946095,0.019458825674806463,0.02348214842011787,0.026361285857741754,0.0240263810852322,0.017547629657408963,0.00765658013009723,0.009943807066629454,0.01226668196619021,0.011383193387086394,0.009035558193510807,0.010762573668853376,0.01409162907296481,0.017371131304461277,0.01851164407581282,0.0214106826347433,0.019227485601090166,0.018003038550925103,0.021869722679019734,0.023034540155789696,0.026107406606322544,0.027605587935122435,0.02560452220658051,0.025055578876701522,0.023818244687218933
0.04258737348478315,0.01950493438947195,0.01588617029615733,0.0165616196754047,0.025382198934156986,0.04313956950998349,0.02708832751341599,0.022071214729261386,0.01842335917053128,0.024513195258043758,0.020156588430264483,0.020949317134907976,0.027430943894420745,0.03415317047273207,0.02949866495955474,0.028285239533790408,0.02758969665134555,0.021564019031208182,0.0218218298423864,0.028363961981252187,0.031657805127036406,0.02666278547713352,0.029390922951939583,0.025395059560836875,0.025847656229827518,0.030212114720221936,0.034991251293799326,0.028611779438430577,0.03144495104655726,0.03882811277511457,0.03547902278590955,0.02266931440052197
0.00946232600365128,0.017414890206310346,0.008742466835696999,0.009383712953548331,0.012331051098291726,0.01397706230187557,0.008928421220027781,0.0072525876475115336,0.014046892295542701,0.012301949239622361,0.007704504456928129,0.008810356018696978,0.011391291126940435,0.010865691367584468,0.013398362599332546,0.012105479192095984,0.010244713127357955,0.010344568287260533,0.010259455295282344,0.010629040698768634,0.011417838485816767,0.009261028178702736,0.0075280828059814,0.007855188064561175,0.014355052011327302,0.01908729468564621,0.01648820623385349,0.011999960803435178,0.012769408969428004,0.015371781427674786,0.021015696654015162,0.00635934588496157
0.009825937783023694,0.024096913435716568,0.031352212807546014,0.028006464645085542,0.012354738865598177,0.010822626286517029,0.010099863969134985,0.012274892182015974,0.013704111418380708,0.013293776637995547,0.014605879682206283,0.013594408839879283,0.014701283047744037,0.020691282857412018,0.014076699881449415,0.0067466544769179924,0.006854581972181005,0.007507022328185432,0.0048710590651056766,0.006538727647978341,0.0086826304594923,0.012341477264538553,0.01568057485490606,0.015211099355765314,0.01850761741822226,0.015652044922587777,0.01371124794007741,0.01389091595835415,0.013739729637967293,0.014059888956588187,0.01634953771638207,0.04403104817009207
0.00998364337370698,0.022696010973787945,0.018092116551924206,0.021218092195901577,0.01232129086335982,0.01651882119291381,0.017139481863769745,0.010812628919290074,0.02158791842068161,0.017676147673233458,0.014299465518970449,0.01369925892746719,0.012366551315679023,0.013355447174124463,0.021880451772703213,0.02204603306950102,0.01861689689649851,0.014005783748982967,0.013148670481939871,0.02161261234704991,0.023088051964987293,0.017675610921242448,0.014699065144708562,0.015555783975463016,0.018454714143029172,0.0160883301225137,0.018564315210896208,0.013700967584629539,0.019207004911034498,0.015931537411249398,0.01932722061470399,0.02353049749773209
0.030606159290174236,0.022324511674632664,0.017131707704464857,0.01876337148570548,0.01739588480000997,0.02668875606092208,0.024096429489195867,0.022532625160029664,0.028608838898467964,0.02594984520104353,0.02314715955336068,0.025427625987068065,0.022641574585613524,0.018103718605422908,0.012338745628979962,0.018578660744621167,0.018331691503475925,0.02637919406092253,0.02277101338336749,0.0206285368184185,0.015796687739161968,0.01964301104438259,0.02004472597595786,0.01730169857428077,0.015350911097261827,0.018266922643597385,0.021355428885333795,0.02142611565153339,0.025061526445227644,0.021250108608706093,0.020282883892431224,0.014423323942586481
0.019634387427635364,0.01138078060335859,0.015056096209014064,0.017072878730953117,0.01008618354870171,0.027587663718017363,0.027266143723591825,0.021250569459022806,0.024188762932781948,0.022515243060363278,0.035175089340634534,0.021162488214802454,0.021545214823161705,0.017210223921010813,0.022564019056331583,0.015511252084450975,0.019230043032864248,0.017380998135111948,0.013103170251775653,0.013699387741071465,0.016183238094728606,0.02263109056822741,0.020093222002990924,0.018936735892871294,0.02414571298410723,0.031540830480958654,0.019110037138932858,0.015659856417670957,0.017635853025493822,0.01624909781370189,0.01656747224014612,0.012677757748574707
0.028595040593836323,0.017122644853871914,0.02298239294596254,0.018211544468714848,0.01577162976562273,0.019617901862856578,0.019966359781524307,0.026835643799790403,0.03449378980315985,0.039003841190707794,0.02596252965702498,0.017138791949625656,0.02343387467102529,0.016208730479196427,0.01797112745177555,0.023868798375788244,0.02335061684836816,0.019391885899384016,0.028212566820439666,0.020271859970035815,0.019863746595077964,0.022220830180234543,0.023995078229457983,0.01979357579216229,0.01826416479517598,0.017573293426996355,0.017690394415425463,0.019415716412633847,0.025274257287161674,0.014628185619593136,0.0176762206399323,0.0195754436369483
0.019575389694819333,0.04288660053771101,0.02511569793146854,0.01787441298545929,0.02450118098215324,0.024033366081217183,0.01989202334143787,0.019943546261730956,0.018362333600314338,0.019615258841304876,0.024567730216573394,0.02240279550254586,0.021959295584928526,0.015649026240522154,0.016830101186111553,0.013510281250982303,0.016159449332280636,0.020224416441293566,0.02150293228888839,0.019297881202800175,0.02044665900046126,0.021197566601707164,0.022061034280602052,0.020943244124554526,0.01820548923540329,0.023085591952764526,0.01983950517120931,0.017858870921542525,0.014397234124287776,0.019462191623762847,0.025477986300338984,0.027700755101511938
0.023934233194561824,0.03262184640439791,0.045673450368774425,0.03960832288790937,0.029716508086708785,0.025722372421873894,0.02691599204225744,0.01560420974492715,0.015304139884993248,0.01463493962338562,0.03258649889065437,0.02616578331152725,0.025991150128627172,0.019708401090519544,0.015994743851141566,0.021207417416932495,0.0217918557660242,0.0248898037522039,0.028171771623590042,0.016927087382088465,0.01851834951485276,0.022668876816866607,0.015615074644907532,0.01653168503507752,0.026078339734130197,0.023546755363811137,0.019489371925119753,0.02489443109370412,0.024581119106203392,0.024244188947710965,0.024324343370921733,0.03302779959080927
0.012790145513279257,0.019390457558135666,0.01903652525040966,0.013638593717720974,0.008585402881176507,0.008715772593462203,0.008784090439893331,0.005967654942274336,0.00845209582419642,0.008355017847072122,0.006198591611774985,0.0072661947176953625,0.008053555399420499,0.008235612042621842,0.00881091782416622,0.00648587359161817,0.00711617715041381,0.005800133568385513,0.0076991189106474355,0.009625163337411419,0.01225907101041387,0.015151497653069078,0.014797150107662293,0.012681082821108797,0.009491455498702416,0.008838708964532751,0.009174039912377027,0.010677438139325219,0.009174235368889257,0.014219916992090008,0.018586495476143258,0.0255975136406509
0.01256412564166618,0.013605144127501913,0.021922900434291584,0.02660687705541194,0.01433835964655137,0.012470955489753728,0.012267865094881253,0.014874600402357685,0.010459124096992695,0.012295904148773079,0.013413601289485736,0.010667779677546167,0.012581035716142785,0.01336345280480257,0.010670019912062123,0.008462721565863428,0.006603933567369283,0.006700246696551302,0.0071282087636125105,0.0067859979491746185,0.0066940638148338194,0.0048872957009998,0.004841698699273746,0.006707623508940163,0.006858158762170974,0.011961158074051273,0.009386056020628983,0.011270123731713285,0.014062836728043634,0.014747311749490405,0.01967896010176382,0.027133078061963908
0.016428951285404326,0.015172261958393175,0.022883493339716027,0.021393269695483285,0.0294859640126818,0.016047790313893983,0.01916111714890482,0.015505089074828999,0.01674576259327556,0.020774910172553247,0.01760260353522862,0.011959465256293931,0.01188591224836568,0.011861513120924877,0.01283632956049615,0.011646991032370003,0.012289685945370821,0.011912572501167472,0.012033712816280451,0.012525793778374433,0.010845512137367477,0.015060149162284285,0.016694235037898165,0.022479211739099666,0.016199544196568685,0.01605271512162965,0.01918925045762739,0.022351321325705154,0.014185423533756972,0.016719065626588044,0.016618310156113533,0.0172424196361729
0.014181386665343186,0.01815270727225322,0.02467446429770912,0.0235350332135584,0.02500024045678451,0.017976592581644305,0.023973216449410945,0.02445037664872322,0.017816634947518284,0.013616618999015718,0.010693730339440396,0.009334601869199549,0.009335858415848518,0.011052512085534604,0.013924444397095845,0.010371313420200264,0.010701340278015009,0.00970325636434533,0.008851163840091904,0.007672151037747539,0.008813170154391222,0.010459132970099453,0.012542367615763885,0.008631434805415755,0.012418310461267689,0.01465614190227681,0.008635602749276411,0.013590013711273018,0.01431098933484459,0.01520851596292524,0.02641183602901154,0.018577935683633768
0.016319502741219613,0.010623045805474763,0.023108585434868125,0.022024469875897307,0.019141322327783917,0.018652572759172106,0.013283525826151915,0.019187528645029955,0.025861206224288273,0.017978889162052078,0.013270656246021167,0.011876506069913402,0.011484160177572155,0.008788575824694752,0.008759186917358119,0.010138430457569125,0.00887034616288833,0.010631099981141397,0.014001070745774679,0.011128460122805633,0.008428527027709127,0.0072390431592374615,0.007822394515937508,0.00956796639057838,0.016723409736797038,0.019915604655308543,0.014727300582270526,0.011893186151507558,0.01397874107833513,0.009388707757408748,0.00931742567937304,0.013195009886332845
0.015771244952959704,0.02167808590273887,0.01937178743725252,0.014234023944811072,0.012585911223952844,0.020002000159742368,0.018074538755828682,0.01296890563295192,0.01594435713804135,0.014325848652200317,0.013127434362181185,0.01662094290975054,0.010292213331165806,0.009482476316710004,0.011285302520219805,0.007209934162827473,0.006000188946600041,0.006308630574946461,0.00692669466758036,0.007636353116658532,0.007523607468427216,0.0119422466193561,0.01318674802658427,0.010944688025640671,0.012544618882673986,0.012812351811524202,0.007917012815088232,0.008361589899790803,0.010694012761009645,0.015000105721171535,0.02255606250147519,0.034443384866200966
0.01322294458544875,0.01618849875761991,0.022696857497424984,0.02496907481436856,0.024746015576908264,0.0192131327419133,0.01597567820288369,0.017078321763576196,0.01523318836336284,0.0362965495890189,0.01670852067373247,0.009601211209134616,0.014378026695599634,0.016036893083138527,0.011453884472759022,0.013909240315626322,0.015299671236491176,0.01641783285835243,0.013269653256927335,0.015687309430119926,0.015153955722703102,0.014392332393346252,0.014451793714839319,0.01923898092699429,0.021967827283628696,0.018396464989069918,0.03054072376316236,0.021236582593166128,0.017219572330159926,0.02062114746883242,0.01915748716133239,0.024925949260021396
0.009024391845324945,0.015252081449936106,0.02274016475756633,0.024785695749341044,0.01919181260994999,0.01743162295408871,0.01494901307003934,0.013239903507279068,0.016790157237584685,0.017460368567664582,0.014373031076418765,0.01559502188627517,0.014055898688280976,0.015468508916076078,0.013376022933809807,0.012956899641194203,0.0079624384302663,0.012381196891909634,0.015054757125896191,0.013820087963319742,0.010344235619998986,0.006926724123120986,0.009249615590573345,0.013843955171431027,0.01962709236724882,0.029578835352895974,0.016716314393107303,0.014157424809353742,0.012791543785304827,0.017790131957922912,0.01872734716771222,0.014391411556823377
0.03573573560826334,0.03437217274847152,0.017589277381590985,0.01727804509475234,0.027562533788007108,0.03704595472605367,0.03629007896992809,0.029244100542904293,0.027210795513755125,0.029120922425437467,0.028486034917795163,0.029497401123545264,0.02047978181313762,0.026060985222246782,0.03987746441089266,0.01981856541187097,0.028269061684328044,0.031234727336210428,0.028367176572104826,0.029135226426919653,0.024962006233815597,0.022636677749617033,0.028632277196682307,0.024441007565308842,0.026708243472269053,0.03437089452480788,0.03700663782984084,0.037220488076113625,0.034067595620870604,0.0338159864098593,0.027676313217115247,0.03801741039741103
0.01866244319213603,0.026226668764636592,0.031769033211426496,0.030603362813362806,0.01719292230757885,0.012047868034467744,0.014567973499420695,0.01992933259409849,0.021135678172882682,0.017288575020052797,0.028853339946553584,0.028978118132877467,0.02184230763714057,0.021553254038241317,0.031574161086660495,0.03697120854828717,0.028821687286712663,0.037969976006039505,0.03736263189697745,0.04181195742469831,0.044509657699055356,0.02818047116095713,0.023767672569912517,0.03362330589036304,0.03520307825528536,0.026627849188488054,0.024588829685149926,0.022261514436077618,0.017195343751724178,0.01956644833446488,0.015776021530639048,0.026591268395380247
0.019383335040752042,0.01748104134237459,0.02236563056753723,0.020261250202411506,0.017146034455684845,0.009847769050445378,0.013966374414472784,0.023358749743612097,0.024870795615515882,0.028943992419528834,0.017055389128409527,0.014635249040716763,0.018165344789242317,0.01411118782092146,0.01508148083814674,0.020003534788012537,0.023047012600033726,0.020113887889681367,0.020861358342210635,0.023044781499032996,0.021838627983841508,0.021063428834025785,0.019587476580598815,0.016951932445818003,0.011704447135643902,0.011751629318169306,0.008151580523200393,0.013331708259050936,0.012463546203235747,0.008072223851810752,0.01345489472826891,0.03115643447137306
0.02032839101073586,0.019826879218383574,0.022428322821340958,0.02333948346401272,0.02218392109340386,0.014088877433676423,0.018079150163166226,0.014576581653130367,0.022813386744753503,0.022664012476972313,0.01517614372335427,0.010174887016680087,0.011186075449323362,0.01786270876650552,0.018826829966323427,0.017655871817586617,0.016135245350117695,0.013914928001125367,0.016290554818212035,0.013781613631282878,0.010641184154874871,0.011209842119832043,0.012658365704811022,0.015504342436063951,0.01638863524554874,0.012604898157273186,0.01517837186263412,0.017132478026839832,0.018515696367668557,0.023758937236162018,0.019137394824227962,0.025494940928148614
0.015169450096998329,0.02511453310079268,0.02879471462700598,0.029475795846636132,0.019035447726038213,0.014627612036010432,0.01383379911453251,0.011091075156256984,0.016959833961438346,0.02208221085153122,0.01676226483752186,0.01474168191804332,0.00906224682340855,0.015725136690895192,0.02128917148114882,0.015482914873223013,0.009862564057097433,0.010923476757137507,0.014412885173116164,0.014939077803605198,0.014018377784501329,0.013947783917840987,0.013826558428134945,0.029297297079929303,0.018462611605735434,0.01954366828359033,0.026960468688020753,0.02272866692991066,0.018646383461947247,0.02368392251871002,0.0219400369601972,0.026688559770051357
0.013725168705122269,0.02763464163506029,0.025113796023525543,0.023726556185565316,0.03782931239216566,0.02194214075902925,0.01698242141749741,0.03452150568245387,0.03457239253265413,0.02909088435258485,0.015420668295151633,0.01134507188059975,0.011544975864836634,0.016169719698250436,0.015948527397549924,0.014728067576848667,0.012804755003883518,0.013146023261369877,0.017035935169830905,0.019309030880535413,0.015382607994751768,0.011907865874336163,0.013202224169674039,0.02062075783589173,0.03341187182640038,0.032932334342415895,0.023236087156729493,0.01734935166988758,0.021791948823326066,0.016847614239863452,0.022142147836107927,0.030235528339519334
0.012218042860970234,0.019393298391490246,0.02334660411372531,0.022832412910168045,0.02097635845722423,0.014321664715045031,0.012932349071556245,0.018660481848768003,0.02517866844234949,0.01906993853669907,0.011736953443091868,0.010390772280399975,0.009565508699349752,0.011912536192288214,0.014039220096427076,0.014123874933382897,0.009577640771359797,0.013588359692324916,0.018865030993408353,0.01961897789041998,0.021540189012806566,0.0185315639238048,0.014974830907785945,0.019843322579712316,0.025261567903086105,0.028198276372591462,0.02087586947984412,0.014584266659849514,0.015004667960785745,0.023496063993785322,0.02515517208341241,0.0217988375893556
0.019769174345863144,0.007685088386910012,0.0175441280068881,0.0211266181966126,0.019698498687109683,0.0206099126457262,0.025158988955285108,0.010643966403479786,0.009152262203331464,0.013542757821066467,0.025172485865264015,0.021652995860417266,0.020250052948911537,0.021012317520992755,0.018975323219386952,0.01765651003853808,0.018321162158355473,0.020119809564172322,0.018802874885764043,0.018724228562900916,0.017791062889169228,0.014862603925151872,0.015424642206754585,0.00996269864057237,0.013684025319104353,0.019128561597827068,0.024973471120611476,0.014953864757480216,0.012476804815768279,0.019214255228539992,0.020333315234515398,0.012784908670730247
0.018101569656251176,0.02927760848899527,0.021738917412383093,0.01950567579925939,0.02602293915731088,0.02249374003553403,0.02272810794809207,0.02386129542553846,0.029286984833932394,0.02191014839133866,0.01690019704023048,0.019536871397725884,0.013393593299863457,0.007303303751062058,0.008185709664098463,0.012547791224583802,0.017353211009896223,0.020011324661166643,0.020269356222226823,0.016694007459896826,0.018267113043047473,0.012724044290038768,0.013570181013419398,0.010847221953784524,0.02735986996075927,0.023191195118103598,0.0216237202235521,0.014387513545880203,0.018922061646957165,0.02001520540118782,0.021227322567670747,0.017500808117502015
0.024457603415872352,0.019297923116875514,0.021712478418642947,0.017660502722219886,0.01358255836525058,0.008055498353517593,0.008077033983394731,0.016956902659053284,0.012509781629345795,0.008570777721619275,0.011650419878383032,0.019075934474317824,0.017089184911218316,0.012371753450358833,0.009455820772538802,0.011445706480573553,0.011706109877198194,0.010954021694148554,0.00862199124099023,0.00903245470261552,0.00824126915086127,0.011642661399811818,0.023452309181148805,0.026698592871883302,0.014869430579167833,0.018166335706275804,0.024239843753943245,0.021791440492618705,0.015985474965651517,0.020851612666962397,0.02098014570220268,0.01977573458504753
0.01696686093694235,0.018225202847388808,0.014838469945233936,0.013055515268449905,0.02082800606523789,0.019006301842236298,0.017766299984279633,0.016235139668834494,0.027111236048584342,0.025641874721190634,0.014502908867870316,0.01790708561847103,0.013447614260364687,0.018103377441064994,0.021636005961805656,0.02202281404608748,0.016211144292298574,0.01889331220327357,0.021063944764053703,0.020573225775622313,0.014780088444768837,0.008538902350138636,0.015996829646931138,0.016334745553017612,0.026557542317541764,0.02713991628909888,0.024157180958734117,0.015617016752692059,0.016443284557492853,0.01760066097007698,0.01962273108277959,0.016056458095857328
0.029144936269740223,0.0228910429121986,0.026003661711614445,0.028458129648310158,0.022899258125878702,0.022939611266825727,0.020068823376255582,0.02484154538529827,0.03210494196937765,0.036580851480284636,0.026379350530619395,0.0249374327488438,0.023537597056364358,0.028904815456585672,0.030750630770801247,0.02803248900046885,0.032763109865092004,0.03302242659747968,0.043292033409703105,0.03605879287700128,0.030178099017118105,0.028176269868058098,0.030283241119797567,0.029034819661768244,0.026326638484927955,0.019399607365714715,0.019940658613710402,0.024334661297213143,0.023647905412991655,0.020080838633190844,0.016570072061091127,0.02519198435400463
0.01980397149714792,0.023924613256194504,0.02140670668172942,0.01901867996021642,0.02346297302425969,0.019581985560453794,0.017769788461640883,0.021426304353523853,0.02268272176921717,0.018784709195009058,0.015945994405819317,0.015632898020757933,0.02031824848253255,0.024920943642009998,0.03285245599439155,0.027374772378487015,0.021243090941896622,0.020250965416531073,0.026133935789600878,0.02065983417962207,0.015655367986050973,0.012962596567164444,0.014223850517454856,0.01619680460866322,0.024479933433771105,0.01718556504276148,0.012636328072448357,0.016672100888866618,0.017690669912358292,0.020897089035754185,0.021803243695208974,0.02193445988370625
0.037071573957454716,0.040403354903283006,0.028739172273364286,0.020671218138664963,0.014159480491304896,0.027131726601062313,0.026545455914801258,0.01983692282459136,0.029191320433200742,0.02492114229362915,0.022161723849605065,0.049749992767039154,0.05220855514301193,0.03530574600046063,0.030116251494051262,0.03700063486859964,0.04049961771615409,0.041380113519691085,0.03210614434299201,0.03625436760041214,0.03543170591434567,0.02734949256286031,0.028437508232754777,0.02382780648672345,0.01839470705839735,0.025740572285891505,0.02563005852628325,0.0346628575122169,0.03329159182313554,0.023103252810832083,0.02624047181416269,0.02443366034422476
0.026943050482398853,0.028809019191644115,0.018043953755338495,0.012924580298805654,0.0195137087478966,0.01752820752033156,0.03077702209405641,0.0213361633913933,0.012385852870561343,0.01873531600521935,0.014294071107349602,0.03039085956049584,0.0195021122852213,0.01723933508667653,0.031046136492304678,0.024031570231551704,0.020876799432275227,0.021327407923324007,0.02212371259925627,0.0208944933827135,0.01938642753872295,0.015780144948300514,0.018936916540173845,0.012175943396678166,0.020541545917538557,0.017872338088274813,0.011726422904489137,0.010776678487820681,0.013138148391661124,0.021802742830025163,0.012997374567538232,0.018028528940316892
0.017468639686396302,0.030547722783487743,0.035053080946053236,0.03514562000738391,0.01983124193247234,0.026283224649372522,0.021670849993660493,0.021943041047879076,0.020717139032702288,0.020255295874504316,0.029858479402363525,0.027633542024356077,0.02459381771516122,0.01587740961978495,0.015509803406730938,0.018071473477301786,0.020891629393031002,0.020461816210913402,0.015308046513893255,0.013824822701959559,0.02082507225522245,0.02958506425616109,0.030210568784906966,0.031193097753652695,0.027007186515514425,0.02216082633310412,0.017640487758885885,0.025611913469705375,0.023408090156691933,0.02132604729818016,0.02194046869884636,0.02724174460100953
0.011287922762824677,0.01835130765201008,0.02877911761376246,0.03335914395041536,0.01939161796983401,0.012978745655472565,0.011374569641220923,0.005294208997767512,0.007988115784055557,0.011547260715269049,0.011507185758665602,0.011065118208160479,0.013587163349694299,0.014233304106506887,0.022784724432614888,0.020172242375054574,0.015240400468319456,0.01834473101440726,0.019592108130971723,0.018733049658531835,0.01993193570821322,0.0219623686169024,0.014216812207416033,0.016079106152674938,0.016813927928362237,0.013806522012489978,0.018419282214538743,0.009385372262713732,0.015392026310022698,0.02550566559218298,0.03319407130093635,0.034848644690692175
0.0253628783998176,0.022059046489426474,0.015506743702287626,0.018909923370343296,0.02523117016526968,0.03077890675466637,0.03563975028705442,0.028175440631965924,0.02886029446627404,0.02915876608692602,0.038679155542675245,0.02904405517805673,0.035913373246619376,0.02360473543214688,0.03257336263484943,0.029763653732305367,0.039573247247553116,0.03691758359513545,0.021879220253765395,0.02033152511662159,0.031084420935681117,0.04153128086910883,0.03258507974199418,0.023940710333638163,0.021065279834113243,0.024248277524271982,0.02701333019588838,0.025888546693786242,0.03285037100266368,0.027743385333127413,0.013776199319472689,0.015589917156289245
0.020684140264233184,0.02211222271029316,0.02293315425009975,0.014148219729711968,0.01492447263270639,0.01069432211813853,0.014639330633077416,0.019313552727167362,0.02159473756637679,0.012198452190808874,0.014890815657758323,0.020922016850660922,0.019015096624676407,0.015413312552212363,0.017676610850355514,0.02374414096043891,0.02296580246462191,0.02334844969361577,0.01806005518030117,0.02100002437129098,0.016515577351869818,0.017243067861830264,0.01658651293263425,0.016952979626504237,0.017054477468565834,0.017180357932580423,0.01538904898703243,0.012662280439632847,0.011881752262787931,0.015898125093297785,0.023246386314617836,0.02206424620156596
0.01518540784769694,0.017521559636669747,0.014756225909844004,0.01634015444075558,0.01645737121364004,0.017051134372817574,0.011793050277243245,0.01513098891640721,0.01644033971324488,0.01033202177380934,0.01616138602359749,0.020653938167508032,0.02053511912211966,0.013698350510516684,0.013618785058064247,0.01508023843001735,0.02448641743936565,0.021260773983437002,0.01756122749202206,0.015674924331288483,0.015333654863376522,0.01700898714955917,0.02085117500076724,0.02212727268201981,0.02472911384347527,0.024646825580805033,0.017085413869647122,0.020722878196357233,0.023452104543545505,0.021246299094434925,0.01910371910880006,0.01865648251017113
0.01738366192446438,0.02248596958094081,0.022546786805024505,0.01868331164909927,0.019532992868571603,0.02339223859824555,0.023622806454436093,0.018482910426663213,0.01790941530924004,0.015976618037288882,0.01855677543858926,0.01874301357804345,0.016283292745922395,0.016240502122928765,0.015562463884228023,0.014416624261227943,0.013194561792672066,0.01179626791275344,0.010848239263772663,0.010617140813324363,0.010506702689207628,0.013359556213382225,0.0142385000648324,0.013445065143028451,0.01206681763838102,0.009731715984716022,0.00944048055355552,0.013479839436638415,0.01828506608717545,0.017260250531132816,0.02427308086191526,0.02175430581132729
0.013896105007246227,0.017418387318110334,0.018933497908277225,0.019273209623239244,0.013016518371280794,0.01319577247950451,0.015251625148005068,0.018850784258447446,0.013662444453330322,0.0128424488324778,0.023206393696722928,0.019658379307637086,0.020673425451870023,0.011564232162018198,0.012646509633085275,0.013394444894570569,0.016391796073050833,0.0173805225403369,0.018116458152797537,0.015364400219422227,0.01209436115635308,0.019605549246545385,0.01681207841157277,0.014648127042823814,0.017062464077475067,0.012006509002850045,0.009712690393873673,0.009426664219991096,0.011346746165489308,0.015082328574299803,0.0264130349063908,0.012560632501228065
0.025029827640144768,0.02053377250417715,0.01808012613063507,0.02274527370816075,0.024680753290637677,0.03268559373703048,0.025189948596740477,0.018810476570491685,0.02036768734618323,0.017861276996146515,0.017009796406457032,0.012787419632506939,0.010643382014286922,0.012660184371552325,0.014319331110820259,0.019406590422414677,0.0194188987526296,0.016237144581728823,0.016164358216472444,0.01878712430101332,0.024279598930248673,0.02830251314634783,0.02107158280701543,0.025474345827445163,0.018485027926872448,0.014369696971194204,0.01796261265845606,0.0213042947797163,0.024023149706900844,0.01380385110521417,0.017226295466927843,0.015416110036352208
0.021740055587923773,0.013585133263998576,0.023676160686270018,0.029419225695425266,0.016758965015399824,0.01770819985967375,0.021457881250112495,0.020314641541333226,0.021857100672298835,0.013392618270572065,0.0146418700697697,0.019655944442262194,0.018027139988889357,0.023822449540250454,0.022014168466408572,0.02597906249674135,0.023886708110452442,0.015161995089529331,0.013334631820686076,0.01561440439422566,0.01422778301200057,0.0189619415559582,0.02412683055036702,0.016726352991974076,0.012057001312507993,0.016052127880541008,0.01946971166485038,0.024965668315631635,0.020062220110583204,0.01672496080739743,0.018334580154168927,0.017806158716397444
0.019260750476191774,0.013720658947408796,0.01811173657699332,0.021774302711341904,0.03310143316128083,0.023269739485663826,0.024690581967105465,0.025350352463961636,0.013813580111317504,0.013390775955188223,0.02562917683889197,0.022684876078974778,0.022232197052631415,0.016465157125824536,0.018316718923580718,0.018393904633897,0.023436311351126768,0.024083373023791446,0.018212826584075616,0.016419218727546512,0.014136904819242943,0.014269769784812493,0.019817184083988356,0.016380827376832354,0.016396543627658713,0.021748276077617198,0.022487534642557462,0.01870058699837236,0.016559695278637914,0.016146483812703987,0.016604941896752105,0.01517850439092045
0.022247331808513567,0.017859595602193593,0.025364265219570456,0.02786446883552311,0.020068080913649502,0.015798911878122626,0.02143161784063192,0.028590205421958413,0.021303422248919318,0.019346641431038883,0.023375246952126682,0.019691214920708227,0.01688062600369495,0.011879307550527686,0.010126906297287802,0.01320403835315559,0.015341564017909785,0.01861939836310403,0.011497653897172316,0.013945046296923502,0.011818854774263227,0.013569991820991606,0.01412588573354848,0.016041199118768994,0.013646761270983257,0.01127941199412971,0.014504519962148929,0.009024678310092654,0.009596057348343392,0.009930023445140495,0.022505627650914094,0.024464816895374535
0.006916715867468704,0.010913367419497031,0.02552254758816382,0.024335841017139526,0.01911930820016046,0.01433906178168976,0.011650699367842939,0.015788171474383442,0.013497936490674194,0.019328114491212828,0.02152660363776751,0.020232793187819783,0.023898533472703234,0.01517653293417352,0.013183578437398157,0.013413429956099036,0.020010579799433912,0.01811964580106845,0.017026903738329185,0.013785259384624418,0.01436837918335672,0.018136545728132374,0.015680191523416077,0.026439236559213267,0.010998685223400743,0.009986844466526312,0.017865067473051142,0.01561658769811237,0.01176698429863522,0.013406566401053921,0.020264599454885783,0.028941947254233127
0.012999242860746945,0.022239319029473847,0.017922073003183714,0.020115716753566368,0.023077812670216413,0.021089417985292715,0.016348229869930824,0.019195309011423824,0.018651527538375245,0.017865562509526957,0.01566731058397608,0.01857616625184599,0.017941426634960806,0.018054539022877233,0.022848372564662548,0.02441098105843973,0.023817462426719806,0.025043600261344064,0.02548035734566955,0.026738868619303104,0.020122201214903265,0.022239060272305888,0.021509545558576277,0.024018664530823946,0.019210474889736668,0.020312650127000984,0.015769671258397806,0.01945725056425249,0.018832898789359582,0.022048278790359706,0.024439299223672623,0.016354318804140296
0.027412616434478787,0.019681711080825615,0.014291497998493774,0.018527779727574124,0.031146733936342805,0.031648052111018884,0.02870651560664644,0.02530930535528601,0.020645356760070996,0.012681925886114524,0.023938991465534652,0.026859962222713352,0.02619967813902939,0.01498932756046525,0.01365671293926951,0.02150965099056171,0.025154026849339466,0.020454781015384994,0.010817410291669041,0.016603575624659108,0.021144402536976144,0.025747819081135572,0.031821006379794674,0.02938157414445211,0.030450397404645262,0.034065847420842364,0.0379090951480212,0.042947097070732666,0.04280966474993828,0.036374030798762565,0.027089159476059714,0.016357648036750574
0.012340645548926714,0.015147071775724814,0.030234296711447527,0.03112865063402526,0.017365182017435,0.018317080377620122,0.020878697494339037,0.023235657666617004,0.015507036899464212,0.015168587398517041,0.01825729920222683,0.022237045396162742,0.022760095234623644,0.02839509860194083,0.024104934484562135,0.025033590895468808,0.024938483767795967,0.02097171724722055,0.018060996713378998,0.021377894170576364,0.019252187036193278,0.021916301326841865,0.023552321385072805,0.022473742969704818,0.026126133617842506,0.028400456187349172,0.025533606399980865,0.020358446191503125,0.013057398471842728,0.016285112799298757,0.020139455652281715,0.02869980511496559
0.012522844081284915,0.01772436645992904,0.01889862175302814,0.02176763092623527,0.022712847505565698,0.012581579681303546,0.011603285606032689,0.01748725952814632,0.02070911961114003,0.019491792781264394,0.016039471383557036,0.011360119541616916,0.012429045887835414,0.018228751917187484,0.017051483323141412,0.011272208020308037,0.0079760642423191,0.008345809465255623,0.013728649062096237,0.016684571505435775,0.014168033187421363,0.009965899708945961,0.010804156992148407,0.010917078411116483,0.01599942112208837,0.014996509570000944,0.0146616607968954,0.01330056789586932,0.013401835087829144,0.017138499555645743,0.02083807036116047,0.01644916003584774
0.019012445177929948,0.0236293172477656,0.025889495101275004,0.022459851566436734,0.0321980147270763,0.026492323591670114,0.027108612425775676,0.025699215306039642,0.032732562095557215,0.02353349327280028,0.019901749933010634,0.01707786597129778,0.017609509434125124,0.029561509509006482,0.03230504234553299,0.028809768445049667,0.022654393684785668,0.019124021461535544,0.018515373120511006,0.016003647446987575,0.013441944917930064,0.014926166439751722,0.018316123695797337,0.015655030597659294,0.017491212994923705,0.018570466121722123,0.01455624118961646,0.01432525523160275,0.021060205961635266,0.013771332412188026,0.023508942210921712,0.0217007409235761
0.010803009617858617,0.016769897439561237,0.019292254954478782,0.014442195097308493,0.011843638244190642,0.014893317519487977,0.015480113860402767,0.01880008773555041,0.011265153926655358,0.014401611293145903,0.014160217582747272,0.01820097214519272,0.019813191346132467,0.022053678331363506,0.017520662568981646,0.014122565340975628,0.015331628148437143,0.014226889496549579,0.01076185405233964,0.014697637128717652,0.01745162496694432,0.01924718842720936,0.020467508311629582,0.016216252801392227,0.024578258926333117,0.02234718396030155,0.012459182470079804,0.013202032276002062,0.012900143878481717,0.01503184146278527,0.021606505827292365,0.034380972453318
0.024820127275716235,0.0339119786767814,0.03592552150871033,0.041142668935283705,0.02020283564238235,0.02155634259525202,0.021557731837694983,0.03150772583726561,0.028855281108366278,0.025639221078295634,0.021356222158706716,0.030443681663281954,0.025660584273930934,0.02230435959319067,0.01996470280419984,0.021130940341849522,0.023121734642404666,0.022374939960939207,0.016552019002776603,0.010965388817984591,0.012160732505911716,0.02152475586013271,0.023582469017146633,0.025652024747978116,0.0181969649416189,0.020864714430984525,0.029774420123476725,0.03217990560011953,0.03648026737910662,0.0302667562409277,0.02381093950123095,0.034110808111104195
0.015954577324010073,0.01330300647168857,0.01208265417604128,0.014424485409914003,0.020839975656388874,0.02490041275220563,0.022507597050458083,0.014418517714132155,0.019336266665971453,0.018891252088528772,0.019679781266889428,0.02166264482850328,0.015323078123145062,0.009859540407124948,0.008405188741439385,0.014970414999779543,0.015354382975317375,0.015273639845654066,0.01630082973885047,0.023005111474944263,0.029020960649128458,0.01739072792933808,0.019339269331807026,0.020010989164402325,0.02687058696884015,0.027664743330919808,0.019686127868090195,0.01636080169875011,0.010146412425452911,0.021546822878076192,0.0217928326590554,0.026414976410641552
0.013867112396779811,0.014920767798051515,0.012895678019964548,0.01525513348369013,0.018552645464375312,0.015087290943033222,0.011540014050747307,0.014372754635067148,0.013378203752314579,0.017612207196575667,0.009751853895678595,0.012990867574239983,0.014054173562896526,0.01113664741627423,0.011516131205732418,0.010628939384849177,0.013764497394512331,0.01055318089698743,0.00996556788251642,0.011633352002058343,0.019302391226132292,0.020853538361219864,0.020918143371949877,0.022231503295637053,0.011806002983900736,0.01938862991221716,0.015869294011492154,0.018592172004356054,0.015817965307566784,0.012773877456941673,0.012291295157512875,0.009307100042582526
0.0119415023582857,0.01039320366329228,0.007176648312747906,0.01778882508164902,0.024425387985082918,0.02509557404275077,0.015988166762714372,0.01584183264809858,0.013908809195563976,0.02319735082241211,0.015114619302842315,0.00994458873326968,0.013261713098121356,0.020879317778691647,0.015865094022636594,0.017951256141739706,0.02030215041286011,0.016893931661298163,0.0240710941951136,0.01566030432990192,0.011687206683084416,0.016773284757076092,0.020584674797939198,0.017765855010536534,0.011299276315667904,0.014372296899861785,0.024667615289261438,0.016560733542740774,0.019752855646448502,0.029138765252212116,0.02413682040306743,0.011525180454047355
0.011888182302541454,0.019295366957436187,0.03046424403059255,0.02734234430982033,0.01594438454764985,0.011532881540582064,0.014361593736996924,0.01847775219786607,0.01242863588349575,0.0094519351083447,0.011233543454357087,0.012489097633557272,0.009822162279064591,0.0115411306026504,0.012369879705896189,0.008967366390443623,0.010132848199912888,0.013305065541965607,0.011319717688688653,0.018064724051432494,0.01579158238266213,0.01182823878388075,0.010413215568266247,0.017394530695424567,0.014985201750639035,0.013308996005443456,0.019495622913982116,0.016508173456240473,0.015984165375010927,0.018605635081880297,0.02353494952239707,0.03975254494242202
0.022427925558858586,0.021359041656392116,0.016487352300191115,0.012786492779351196,0.019750595738223284,0.024812575660719084,0.02218923506791268,0.01835069147140642,0.013868302107108254,0.020350779124684658,0.014078065877952607,0.01585098474343617,0.01657104506449979,0.011581295504925778,0.0075505386564695956,0.008135502337634815,0.011989318619510069,0.012282418571699646,0.024517717953356784,0.018803520112757873,0.013606123862828187,0.01593885520063295,0.016841691413315586,0.019786800371747553,0.022593925645736476,0.02883604037962936,0.01761677221876704,0.018348459248447885,0.01949778697165148,0.021874671423107932,0.027185349403458542,0.023737351233438946
0.01435893189923136,0.014610644859066503,0.01711083522143731,0.018426922864661258,0.030576712666189172,0.03278463512886827,0.013596297474155312,0.014233048072357663,0.014257535253299793,0.017783297907393664,0.019252464908764408,0.011881947595984687,0.011168163072243211,0.012027380983155523,0.012268130737020669,0.012230812516604277,0.008561431294459758,0.008518456943937098,0.010397895823812705,0.014584928776398632,0.02269863093213457,0.014582527638817755,0.016889095495403444,0.02451460653739856,0.03041130559176141,0.024529379477358688,0.022728762484974286,0.021616199233245443,0.021523608461151946,0.022765420140415587,0.02330976587025185,0.0204060792226388
0.007482934170395448,0.012196784341359108,0.00725083579813467,0.0065783490639838935,0.008417996403473568,0.011248199049640853,0.010087422707150507,0.011318611352845159,0.017144938345523428,0.01638811129292076,0.011620505732299707,0.012627827888435432,0.010685211809216487,0.016560823730785355,0.016213539508662535,0.01691992003079512,0.011816806757765773,0.011859144738548296,0.014638067012588006,0.014985446191898923,0.016565946694712924,0.010255639011697138,0.010230793760163203,0.007437661920347454,0.010578377461257274,0.010561717339958324,0.005969884522894128,0.00837138474318456,0.008922880495064034,0.008832662915130919,0.007490247318045338,0.010636159595043779
0.01883495184045887,0.017544592497355502,0.023208089600403613,0.022189814902936405,0.02135081540381687,0.01545215849726522,0.011775026038785948,0.013859582987574458,0.024963822264311302,0.016948933088041705,0.014377608274878564,0.016255353640587923,0.019678979410981255,0.022538184609265738,0.008043896838106187,0.009599362238495408,0.018044788779339616,0.0173595752429014,0.013076096163205828,0.011940416362996966,0.007570992866625633,0.01078241650399766,0.01194803688421343,0.011216050575890483,0.00821600256199005,0.009351252408055415,0.0071657354526918115,0.011199043824596046,0.011993718548150607,0.011907292200499686,0.013766743936978994,0.025192490919873498
0.015127546102163793,0.013525617059056146,0.020585083096525677,0.01410356483969234,0.009646332540668694,0.013750313423154694,0.013046974831263564,0.010030221376519164,0.011111095897487343,0.010344590600906626,0.009787665517730061,0.01180193254838379,0.010272237967120531,0.008615357799155522,0.010288165561480416,0.0044472762418322695,0.010020700048783887,0.008747466686322201,0.012213857340528626,0.01668694068763934,0.015257328989955365,0.0154879269884408,0.015814172595109106,0.011857100345687582,0.01242527337599168,0.015100121040082003,0.010783082860594713,0.013601216788266231,0.013469697988433746,0.011017675622369098,0.011745375510278157,0.020135515800488498
0.019662073424074375,0.02584938555726534,0.02329216474766122,0.02225806117767093,0.02817541055047613,0.024147715681892733,0.02408221999663765,0.020409986963816733,0.01964419003279255,0.022269657304621052,0.01590243563457267,0.022141586920606214,0.022704040565349574,0.019489499354886718,0.03402771555065649,0.01474974920936344,0.01392413267915399,0.017191162572442846,0.021719022693664707,0.03285020712667769,0.01962050627889341,0.02967565469258204,0.029474519623818966,0.019333634719845418,0.014406605104470624,0.012998457349410898,0.024572537716529848,0.027604979255511697,0.02081889540107131,0.019828074940834668,0.021709258691298104,0.02555985908021036
0.02125580261918216,0.021049298893063565,0.013601197485787841,0.014972130318001868,0.022073199042442107,0.017819313942563853,0.01727691996154228,0.014022454270793594,0.014913786520861536,0.014353910329914564,0.02881244228038227,0.030673203715898455,0.031175601723771193,0.024262874520091217,0.011519500851640621,0.02356961077907028,0.03166105633777777,0.029080405385314867,0.022993339085786952,0.02074739345506881,0.023325206307742003,0.030468770425678623,0.02765927220671053,0.029896711778218423,0.020731479658659815,0.011374784562689965,0.019573549481832625,0.027639569325809438,0.023697710653704143,0.023120551196301145,0.01835837807740157,0.01455921855954742
0.01837135030977499,0.04701275893837974,0.02739761578577756,0.025525907122863636,0.023876962326224365,0.02517560587259879,0.024953081874698663,0.01723274639917837,0.01560237889441303,0.020025853801853687,0.027543716039595736,0.029715334470276026,0.01948970569065466,0.021052045685501317,0.02168969568192451,0.027699613899612164,0.02221137402596468,0.019582107871542104,0.02550408865367381,0.020170649039732386,0.01652012999946791,0.018979407002219215,0.02003187285303666,0.016258018172419862,0.02016835439605002,0.019414230436223638,0.02484045768715814,0.024507855344439604,0.025799284907790206,0.030740622728820936,0.035087535783872546,0.037600239017635075
0.015947982640149728,0.024589329418906854,0.015612956522973367,0.011813347231036577,0.019798527274292654,0.015050982559477212,0.014031900530833284,0.014355191991809136,0.015303363315654517,0.013109837694889317,0.01388973000181885,0.018973893659492622,0.012640065296342677,0.006411058161778296,0.013270504794788644,0.008052321849320887,0.012657788931883199,0.016229073954343493,0.011901190948073756,0.01997802585929433,0.01694955329987266,0.014835289037837224,0.01806316875257304,0.015490415724458468,0.0212813184900916,0.02766352196506082,0.02158168323922055,0.01617392303927168,0.019752514461895836,0.014946108878839976,0.019494802355487124,0.022511154092866942
0.015189957490241171,0.016826056020490837,0.0352688329401261,0.027707689804616808,0.015700396700579357,0.016009416107287348,0.021666732372751296,0.02161939796178202,0.022232968848827833,0.022714243023514623,0.018226806866415587,0.013600158555201516,0.010416341974382952,0.015323925859220657,0.015754801735143577,0.016163738731571158,0.014518069303128163,0.01671966608923346,0.015714300106395247,0.015774338549605537,0.01555110600943065,0.013929680398932777,0.01664660201859576,0.01655355265168671,0.019971811530825962,0.019780607550441844,0.021074075531316308,0.021228631219410526,0.013457269310896155,0.010723306371291224,0.024203953152473392,0.039290937795681546
0.01919272569710291,0.017929400355032224,0.017015993270374126,0.019784459052514143,0.020711923569530465,0.0203052105018085,0.023479247250647706,0.02313174320071125,0.022701174457384805,0.022134911180725747,0.024428932249402582,0.023521345414695305,0.020334344107234215,0.014128400484367639,0.01694662012351555,0.014266841878446459,0.014808083258290127,0.013239023771063407,0.014304237998052027,0.018099344307295383,0.018325310852130714,0.01540293322254706,0.02075573171376007,0.022752090187476974,0.031869053333389644,0.022258962669191803,0.015842898390760637,0.024435178503336156,0.02772636221231904,0.022831084878346494,0.020938779776627697,0.01579412417110279
0.011661502384441066,0.02565260243795883,0.024461011563649562,0.0247988594539113,0.012008265659821885,0.008972622096038099,0.008551258798422912,0.008088893311771555,0.0098165562577791,0.012860744013962444,0.006024418288823683,0.009037698671924693,0.01561886380399763,0.009078279596474679,0.014978648388161084,0.020550917655276533,0.013256251363349672,0.009014900985581924,0.005804636559881931,0.005580269498797398,0.008908411824871376,0.011384669834794334,0.010107926314216663,0.009731354364477808,0.020092896134030883,0.027605960209630725,0.02363914188291318,0.01164334074606645,0.011361021109864896,0.022308230624376545,0.027726236846247032,0.021475949589332324
0.0459814343340363,0.05291818522049244,0.03671723441300018,0.029049803040720946,0.02150671131205777,0.03697921972990053,0.030487547951655265,0.024566204590710985,0.01993340896621615,0.024088997240252163,0.022220312788334005,0.02544740164826744,0.016966566078437276,0.022706464037557612,0.022904019985498143,0.023122794028506272,0.023210639468025054,0.03293021747300187,0.0318456913799774,0.03111579086582768,0.02633964268560862,0.03565762622842752,0.04561274987704312,0.03758101870667304,0.026970918340198147,0.027870375678008555,0.032827024148349454,0.051666961230520794,0.050751535776684356,0.051224765705198905,0.03248923481646704,0.025004819448169093
0.009663779446959633,0.012803918373633464,0.01514302781534578,0.018380899771870775,0.012265921277675838,0.008187768961878663,0.011404297832285125,0.02009177475105329,0.020973093901354,0.014987156587714552,0.006626640756441782,0.014578059372823023,0.017962855077900967,0.024473854326506356,0.022908246677769067,0.018127875641646793,0.02191413727451941,0.02138193418388852,0.02009024546288228,0.013653226735616896,0.02173105020161607,0.025810336335329614,0.023444322907696834,0.01690948960031356,0.02105648719591899,0.026128894186014037,0.023778022138834575,0.015092005123941443,0.01306791239543352,0.017258651587123763,0.027717472959117046,0.019450152074982963
0.027912028742145947,0.054963197983766796,0.036341572164410696,0.03480292576127803,0.04223744757938246,0.03137127540090805,0.01837677844913325,0.029200723391559158,0.03564231314867059,0.0206776485088557,0.01885029063474745,0.024456236008149952,0.022531710239248093,0.02426018506196564,0.012975463612936944,0.009772765302711614,0.014979774301357086,0.010916434549168142,0.01838308018753904,0.020068106541477452,0.012839658673803777,0.02158145765982131,0.023372533718404934,0.03663898609784227,0.04050965794165507,0.041141291660567035,0.04188542774678063,0.03734365012210679,0.03488508053499121,0.051840617148210755,0.024676817816460528,0.022775020230699727
0.01891377222247072,0.016937340931279934,0.02101545443991993,0.02025558477428916,0.027346203634391913,0.018849224880179392,0.017545560766036722,0.021886040049368276,0.030865758773231357,0.026921129955323825,0.023865825709245714,0.019673036562706706,0.022828262566434266,0.01996543073312449,0.011301792955106239,0.02309648166670617,0.021095080871716892,0.019560697488952408,0.01634496065677782,0.023156398977524802,0.038666886683722354,0.024799308128230595,0.022834802081308548,0.020936026336321596,0.020001559003777,0.01871252737864079,0.014767090662616006,0.016372069609033223,0.018109733812295567,0.015549360883716452,0.01805393258581345,0.01987801815973377
0.027214204288061088,0.02418988025876201,0.028550507800281108,0.03181401606462387,0.025172481601942662,0.015501617900350262,0.02051051444261247,0.02799845145306926,0.019451957207048565,0.01263703120396276,0.018407081221545857,0.01802963952531408,0.017426544836088464,0.030719720670109314,0.023724983194230248,0.024931017626892996,0.024079136394553263,0.01837706386847353,0.02934318628522045,0.020498039470167817,0.019824695812130432,0.020133524808863015,0.01572576634011707,0.0140410546002422,0.015665452024646823,0.018675393561011625,0.025272297439745097,0.026794172789773876,0.025220767471927037,0.025397331942679402,0.026632732191123377,0.026367400067855325
0.01381440118430156,0.014999078503503523,0.019386065771725816,0.024863075269664477,0.02161574039451103,0.01777513528242953,0.014571060768504573,0.014703675830859441,0.021504046446423338,0.010591257595602489,0.017435375279494847,0.01831272771293183,0.02273709972459398,0.012468880112129318,0.013269958993636343,0.023230828851154406,0.018062834179520464,0.014374886637687512,0.01629379263123633,0.011356355656285693,0.009409680735115025,0.0166508316359958,0.01936786233157069,0.017622894497719976,0.019760191669335174,0.023984412142620412,0.019222238448842483,0.027778640994784273,0.029548716861177875,0.018692647521211005,0.028029541511807095,0.01628169764607291
0.017617265332415873,0.020997545956516775,0.021885251194244348,0.011359407327779746,0.01036074422977379,0.009504714041891425,0.015716752294590814,0.008220508431600822,0.00811494774504263,0.013167919379149113,0.0160352407895463,0.01702090455306893,0.017841471765515468,0.012552157498032675,0.016862756151999184,0.015495343697354265,0.020288231284037356,0.020216838541704835,0.019356158002707763,0.013804318064241821,0.010152941959542179,0.01610994140409311,0.019331362902818623,0.01736540131450911,0.009295194582739372,0.01051520474436806,0.013035910257788805,0.018757484313825838,0.017100214640322853,0.02532603665687899,0.023857004618410376,0.03737492798492659
0.024277184889420118,0.016731359708361558,0.013420537088175779,0.015355508226444716,0.015523740832530882,0.01927860568474984,0.01870818898885549,0.02364417564958914,0.015956708429269415,0.020169208731085516,0.024955296150743062,0.027534797666737765,0.026479162967059305,0.02720359829335412,0.0252496965898633,0.03207733371433813,0.019435790864852077,0.013467911317299465,0.01716639268850069,0.0156056081390978,0.017473663848421264,0.022663772834247507,0.029728437856138424,0.01798359913277614,0.008796598324964528,0.011310862406524872,0.00895827108327768,0.021437562245306064,0.014880737212716858,0.01147164968847732,0.01245786617000597,0.019331401165942928
0.016516872469788786,0.02665608239024411,0.030453726505968084,0.031247325148658824,0.01782263610716169,0.023623680952353884,0.014600163502552641,0.013594625428667604,0.01998822024933235,0.021952618529527602,0.025351752058758528,0.02019046545944487,0.02027014572356004,0.015712780450064624,0.012279980655908917,0.017289991619356647,0.022262203038521496,0.018817768544891506,0.016239748460886202,0.01966004977832648,0.022031905030431585,0.017157349625863537,0.019720631301370396,0.022856290678716498,0.013325559137235484,0.029890006363166747,0.008593323456066873,0.01115071693925647,0.012899544116620027,0.0213256914451717,0.011693843563371891,0.029618705290986928
0.011227715620243151,0.01273722995980063,0.006980062612488366,0.008384945115453533,0.011274883112952551,0.013288616187036953,0.01315247873426594,0.010211649899172025,0.01123520403812417,0.01165608968069126,0.013071562914897554,0.009016481523330224,0.013618497794159239,0.015614639546377809,0.010874566153413985,0.014099815566260233,0.015721433185428794,0.03458297522858028,0.028808932852201895,0.023201516793695188,0.01644553695989903,0.01734104411575432,0.013245188266699622,0.02128844986364254,0.009671279938876775,0.01176057822787082,0.014223738661870914,0.014671596576634216,0.015637458098612184,0.009478339789534784,0.0267305599616732,0.010673302111736612
0.019443596761585965,0.020835410272714593,0.01891122244156015,0.018617710209703996,0.018358752336531965,0.02531842175537748,0.01861338266482461,0.01426082497829697,0.011143396664599705,0.01631297812468823,0.014406360975913062,0.019744055021720615,0.02613184528772207,0.015346915038283506,0.018097124396454216,0.023142286823958424,0.026091912460588035,0.028236930457048014,0.017703292494304693,0.012295570775576574,0.012826617309600694,0.03286543655598857,0.02211688340727622,0.023661985858852815,0.010375640102486554,0.02230299187577563,0.015245354669387895,0.01928393946588057,0.023860822041548924,0.01993305944015047,0.017776154454519674,0.016484815009917695
0.028375881476331945,0.017878004054117498,0.02135795005272999,0.013114746389779977,0.010028308250914645,0.017366246728243055,0.022555368087567664,0.0165768465559786,0.013955739286680521,0.011090381272324751,0.02118268954621916,0.023607198745907408,0.020529912793376928,0.012294379190395527,0.00997250942102583,0.011315547131620658,0.01444548582284396,0.011949876622269203,0.015395427024433595,0.010894660994918894,0.01065246333990983,0.01229867329491398,0.01475837466550212,0.012400391444204512,0.016912550059120714,0.018092098084282613,0.02164337837523489,0.014885963498862495,0.01857303404351933,0.013885244479573193,0.02370799796133242,0.018542400566113962
0.04053341141729467,0.02558206517314117,0.02508644573185973,0.018401428602188005,0.02223780648530628,0.026195436434955678,0.027609551015519762,0.01630967800439201,0.011321578303449355,0.013895209337139442,0.02828103102491396,0.02535089122996535,0.024644519832913873,0.02128143413895325,0.014857329008396699,0.016133390648419357,0.01972432966216166,0.01830553942439789,0.014162889498889213,0.017331319037466122,0.020377671680713055,0.0206086471255875,0.0215268041760933,0.020184394845742717,0.018264012421190856,0.024507415983383702,0.023733189113866005,0.022470612764853532,0.021234661927513797,0.02053185711543461,0.020314766190159993,0.03222357614167002
0.014079977780706354,0.012643537487852253,0.013955476325594147,0.010064702030471745,0.016549065380669248,0.016712978607623285,0.01874173479786461,0.009563128898713007,0.011950185150854097,0.011547621563920795,0.020369086068229982,0.020181124229911043,0.023964017961886148,0.01485395347792832,0.009749854756705072,0.020831830437112234,0.0230205861638147,0.02335061815242465,0.022178853549452586,0.01859173342974508,0.01548978961098628,0.014544137925126693,0.01583078486641985,0.011837904558474752,0.014311307319857153,0.025623211407479866,0.018630123056145743,0.014500299470370188,0.017464866102009858,0.014233901164001998,0.022186352364490965,0.011268534793434194
0.01944523482432193,0.01826107047474098,0.024814637838394292,0.027518039462828225,0.032886347110004994,0.026316417703430888,0.027424347666012733,0.026722915805482663,0.020589250544254145,0.014241856830778893,0.012914818440651107,0.013558860166992136,0.012258737325794305,0.016014975557122876,0.01007353980837415,0.015911447977588845,0.014558485220392763,0.023751946523327995,0.01736041639125114,0.026079315212400086,0.0276385973905284,0.02083957148936455,0.02310672939413497,0.01834650031802237,0.012380044785492187,0.01612634464020275,0.02226235510540465,0.01956332590729541,0.019096921177358044,0.019754135037866365,0.02064690874369865,0.02432754521233347
0.01973127232845183,0.021853242026349192,0.030246060733615694,0.036197470065396024,0.031735842771876036,0.021216948881038162,0.020049013696945905,0.033978774202815316,0.02895081447130563,0.03034264953047528,0.030067943697372406,0.015611918031565893,0.015064968556513382,0.015145167254258723,0.01609105470391299,0.013995159061096002,0.016283149406790636,0.014062666351661859,0.018239987818542237,0.018932702228776157,0.020617852206493023,0.029473496026221593,0.030529097973117852,0.04119540152641082,0.036805628910968814,0.025156347898729725,0.026241739789888974,0.01850968997870747,0.01574468301606862,0.02200724065059086,0.021837246571037233,0.030784527398783873
0.023291391974353693,0.019097751346642395,0.02275618521971852,0.022220270898777768,0.019694097528326314,0.021280425080006157,0.016140331750178594,0.017131033463485743,0.014936625623215724,0.012194941866190991,0.01517564479840564,0.013864846304321018,0.014235930976789088,0.012945675691588311,0.021449637052774403,0.013468136238586479,0.011983593535387537,0.011604586116963326,0.011727557282800949,0.014911196909550062,0.0147856192212945,0.015020801695459099,0.017397129712668696,0.01682491926776072,0.011774969196758604,0.010679084516557148,0.018693040452184673,0.028501452662804853,0.026934973613476278,0.023749591809689875,0.017905993657647005,0.01973442692423962
0.014730158308157312,0.017590771755045764,0.017020489073862458,0.014648847146721496,0.012604963719155808,0.019336904551629404,0.023032343987983254,0.03399970740113294,0.03166512795678925,0.022825399353744235,0.022668289994209348,0.024219122003043853,0.032404791663845446,0.02963787594687569,0.019170795492267315,0.021134568944093907,0.01632205927993061,0.018625252096634154,0.020562208972942232,0.024013545679925374,0.023752885130639834,0.018220701028296354,0.013093147284918775,0.019093739201757054,0.03194686091157407,0.028673501305388413,0.02648735164730817,0.022656887403232108,0.024584369441404078,0.01846916516693256,0.022446064557473215,0.02525377848832773
0.03539708522016983,0.014661914134530645,0.018620892968391173,0.011995568043675348,0.01974292740442097,0.02932229922140793,0.02862216945875007,0.028974907983806992,0.015627169978634687,0.015923725972539902,0.028302975078325774,0.02540627225514756,0.0171838203058477,0.014761416269551755,0.019874200196869262,0.01753604579598448,0.031663618414133635,0.02849599535633175,0.022683660911569575,0.025252797116094704,0.02221315986471214,0.03695611192807607,0.03446561408800608,0.03721016952025012,0.01451347959211463,0.02131430106255607,0.021409640180788014,0.034455850151859584,0.023630936973341947,0.025675374946345798,0.03332904446732075,0.01680788497751834
0.020525950842727316,0.02284857667787361,0.014414968912005078,0.014321007538196708,0.01819915895050326,0.014432438887540745,0.015884676293625496,0.016447960440512843,0.016650200982249595,0.015322952012862778,0.015016681044715518,0.009369275122602258,0.008933910081735762,0.012042037104830039,0.00877464027125763,0.006850842790298747,0.005877861736785967,0.006675414285555222,0.008580670316891758,0.008889907036986347,0.010054852610556162,0.011604329114230219,0.01634323830247857,0.016385338609716978,0.015889822758245815,0.01733500069066869,0.019254990389720342,0.0159972880059927,0.021862401939525336,0.02217380864333441,0.019700994499599868,0.0231695385522547
0.009832434885249123,0.012778034498521735,0.009425063801257164,0.01580756290482035,0.01405132378885379,0.013109615182697352,0.012986975111109267,0.01931591025341638,0.013827409514833702,0.022209607732679014,0.012739660726283575,0.013585059042047633,0.015693575404024947,0.006183986320672512,0.012665081058075475,0.01895807461436954,0.011507000809192813,0.012487682940840083,0.01754511041632847,0.012285862130555063,0.008816350790507467,0.006860523410121853,0.009542950087746523,0.010679172568951562,0.014825519496329913,0.012793908309278356,0.00933884124803646,0.010652769608700763,0.007368346518908981,0.01087971348168478,0.01645606805108998,0.01311313049448706
0.024152156618662,0.016294420683392912,0.020824103465952558,0.024958941179263866,0.018425486446268007,0.015511810795914328,0.019275765357980833,0.025084523131108115,0.027729192153110944,0.032699833119009564,0.029151568717424498,0.03185735481618237,0.03154232218906038,0.03008520263686655,0.025210482142318302,0.02594061972736202,0.023725175838941612,0.023721067031558712,0.030461965072274368,0.026706108475738302,0.03330743703867183,0.03585431393679149,0.03301518495686684,0.033340885748424504,0.027142149437759534,0.021007987998330525,0.025859405002358747,0.02798590503108857,0.021517115663025926,0.01781592050297252,0.01625290714472685,0.019283938783999355
0.015506775307350326,0.009000137314607273,0.014287990771068019,0.02082499860341248,0.013786592299435664,0.01149153654280509,0.016323276779540555,0.021463712495124965,0.03117805716134093,0.02751447132468338,0.019387985463016358,0.01364703606812995,0.022989991803284895,0.02379764284761006,0.014348020195919757,0.013597608083815419,0.016528473050796907,0.013632566779737294,0.010793885327261176,0.012129146351525528,0.0120922490216927,0.017183925977754283,0.0199293200006893,0.022403422347134626,0.018765429843642958,0.023635878648861658,0.02109205402285239,0.014553786529583371,0.010539451790339398,0.013490546009187204,0.021947837137252412,0.01844589220628781
0.015595314362639718,0.014615079307114956,0.014122698720419652,0.018657588149571015,0.02393123084701419,0.017269119781882707,0.018546025556038327,0.016052364869635103,0.016799344728376783,0.012647881672959257,0.02156698749023121,0.012968881351609994,0.013376917495409965,0.011441545561000565,0.014702067631278484,0.010689534382034446,0.01571968985468523,0.016328169612916544,0.011151432538690123,0.019403927536778123,0.015768370575438728,0.020358704285206395,0.01429720027301328,0.01199857494773787,0.011795834341020517,0.01035984521153818,0.012239994748776899,0.016100473654040205,0.01433443888038444,0.011659484949684966,0.011491862165995547,0.014319617546876728
0.014737076882015032,0.014486318319865412,0.015398347246028246,0.016973086861189837,0.015807732307872704,0.02235796007542939,0.0235324054136372,0.012449943648055656,0.007962246978344526,0.012304966945125667,0.012460923139572668,0.01200451961092206,0.014257016143400804,0.014749014104205859,0.00992386067865129,0.01064613058821335,0.010357821077853028,0.011149479980358337,0.011995742570564552,0.013929845685003932,0.01951017109119018,0.019128839196605046,0.015258937463073111,0.015233964113767843,0.025677411644036044,0.021991466030021643,0.022653814184326385,0.01987687118360965,0.01621900168222744,0.016408432036472093,0.011276703119208602,0.017398754963929775
0.024389463897140834,0.018119567064733468,0.02733270425224072,0.03301945831990615,0.02095731189996896,0.016759860664779146,0.014575418123094272,0.023344786868323256,0.02522528920411824,0.017865813865514377,0.01899267735406779,0.01932003042756761,0.019156282536657406,0.015166146808533622,0.016417266373298774,0.011733828141305738,0.014254438154328282,0.013546029414280377,0.0145314555038369,0.015314818162324958,0.018279718637971728,0.01790812266729372,0.01585772471102809,0.016384180510756213,0.014111546922030727,0.013882369598940193,0.011465223662466554,0.012149965995277708,0.011201255876931583,0.011404360240798125,0.018191589483829006,0.02409409282052676
0.019044872498167324,0.024403656004402655,0.029656999876242502,0.025935827249682686,0.01379223935751945,0.011731316002454069,0.011560908324346442,0.02402778460804785,0.027263270097044642,0.017408383595928667,0.014255714349309225,0.01695782031957425,0.017106900516251508,0.011194727792781356,0.014540459846125295,0.016654897834888212,0.017723874988746797,0.010076345790022947,0.00917237938590278,0.011317766493553807,0.012682703469088449,0.015266326565522124,0.01707613816214024,0.012007505790392729,0.019725652627003334,0.01888315672275615,0.019790605683056635,0.013527199675621299,0.012291046371988855,0.016494318421243923,0.021961481068615812,0.029009023543383253
0.013420671746528622,0.03657431710240322,0.030293949211386135,0.032162908669123545,0.022759772012979115,0.024727572526821374,0.024071161194452212,0.027207799023561616,0.02219027928551362,0.021790519402098942,0.025815916326534863,0.014556014640450109,0.014009264431496226,0.03009457371869816,0.026897870947287773,0.018493192793669018,0.012094615284027454,0.012321677161719082,0.027988783073572582,0.023541474939880434,0.012466044120626098,0.012385048809234248,0.014713593687275664,0.025305389614278844,0.038027051725634725,0.03545720155115496,0.02835261905166271,0.016480171286759243,0.020948450549966396,0.023873558483279364,0.036961789718055145,0.028313763583418666
0.014641556752911518,0.026761024596859764,0.02234991005212157,0.024885116727855726,0.024133163326477504,0.01889881059587282,0.019318533675904605,0.02211838156758069,0.017921961308825597,0.015198668430887392,0.014920048714246332,0.014207736186526822,0.015965175719101162,0.018114239929324254,0.013488468789139592,0.018257337485660226,0.015338677235715028,0.014240726438355774,0.02277559154987468,0.030277997337075962,0.026134541972471982,0.017306788145672568,0.015400843416337977,0.020001028517747255,0.028914432847841058,0.021743393640021067,0.0202384520866202,0.012937955242817685,0.014441394733064461,0.016806991870033247,0.017263929047012686,0.01664177509356213
0.012596340758926227,0.015381924385554463,0.015839324898757272,0.021050938266050236,0.021730627697467864,0.01979735365406413,0.015718718715943027,0.02698868542200459,0.02849507425484971,0.020559368312266565,0.012145574084446324,0.02828451838905105,0.021086667268764826,0.03027790549569869,0.024026903543745544,0.0230532079495639,0.021106305945410405,0.01590133007164211,0.0217283785756972,0.028785717091667978,0.02779993304223318,0.018431763991908785,0.020505507994243666,0.021537139340413996,0.03888675849797211,0.02956794530617858,0.01636445528096644,0.02795287060817839,0.021238659144353075,0.027372223595379913,0.039259704072520586,0.030214917568039748
0.00902920467415594,0.017128062622681434,0.016651027809353538,0.017393308028677112,0.007612177396213698,0.013742619039037672,0.010486900149027038,0.008684646507586444,0.013644697713999118,0.011270937139561954,0.014882474157072289,0.012845434097718395,0.012502413189613301,0.008473125299036734,0.0060495855754564825,0.010222053440651033,0.009613530425586074,0.006504068448258369,0.014881693919745781,0.01635600944758581,0.01614790946781012,0.011626353270895269,0.011202766677253014,0.013181568490687544,0.01889271293079903,0.024673550947456924,0.016379683372914716,0.012712681187513331,0.019392334657688155,0.019388458643944752,0.0235741231960458,0.02549293929643542
0.013698014889224737,0.027674827174430035,0.01807088811135215,0.027528032735099947,0.03373677391272469,0.027005975354167676,0.014611351362101392,0.028828009602611532,0.018590861841226446,0.014417491502925206,0.014369412623428042,0.014675106571804345,0.01387576738636076,0.01886299124909562,0.010954558038589864,0.017514570169888322,0.01917300342456599,0.022237881970552785,0.02274521011678572,0.026226487609144193,0.023500598426672657,0.025100986423763,0.026602915449954034,0.03277213166170092,0.02222372177216173,0.021007708951061934,0.02423081393447351,0.031975822909888846,0.032047633714063405,0.025959043763719557,0.022923120428620512,0.01677843932669113
0.019735308850596763,0.027432101759407045,0.02874350513898656,0.028247431959276415,0.03821598868775209,0.028607000235082492,0.025246395649827218,0.027264931594928956,0.019993403760380724,0.02579477764130237,0.016143165678798397,0.016809718531337847,0.01923357135906864,0.03071009815326211,0.028610597342314668,0.01884744608548249,0.0178438753641383,0.017002698905614913,0.01732273529272176,0.018223132343265176,0.015996484787855345,0.015337662372945864,0.014634808743465294,0.01472403510264654,0.017102773614112263,0.018842439108365795,0.01816072038849012,0.01893633094098038,0.01603778570957016,0.014504265651669807,0.01956525135791464,0.04516850996831517
0.010266602950875664,0.02496464650015676,0.013280781163070961,0.011976731777666354,0.02238672575795259,0.02516087161704373,0.0246580528458185,0.025028395273157148,0.0256812270724338,0.027944067864257637,0.021312266432695928,0.013609960128229256,0.010799176110281564,0.012632749814926392,0.014319732125111305,0.009924091415169794,0.010479941044211856,0.012029287853735124,0.01863096774177658,0.016206617324681358,0.017585258587329528,0.013940116476056629,0.011887373084049456,0.019346302321428036,0.025149605260484428,0.028043839629588934,0.026448561373270393,0.01953377009052813,0.027590112655206344,0.027605101954363106,0.029073076425178146,0.018431605202319304
0.020419369427593252,0.012689710182278558,0.014626046803759939,0.014791453783762388,0.015738319503348072,0.017891297444458776,0.01413670820190935,0.015507153876986812,0.016866549893678456,0.020566247709767806,0.015199629779477909,0.016730007490207262,0.016136256237704025,0.01256227072053561,0.02068626144348371,0.023203612623068044,0.022681508450869952,0.017914787341176543,0.012706330536666486,0.011783442183562833,0.013373597411370633,0.017281176009393377,0.018558985596377253,0.01254119577300202,0.012891706318517254,0.016292402769445633,0.015042922788028662,0.014248128055411542,0.016980889537591318,0.014223591158711925,0.02045124232387524,0.028432317750229242
0.018863311581008978,0.039991967232209887,0.015665127917677577,0.02291658556144273,0.018729968903455883,0.02793714779601653,0.018064985509403313,0.023579540024332938,0.021636108606166316,0.024965030189417575,0.019890775104025243,0.013227954612244124,0.00988273502176318,0.01563298851457237,0.017265629868915017,0.01590906645030512,0.011854798108290768,0.01261495292456392,0.011387250666494464,0.013970457963636978,0.017094970375226278,0.01855835457188024,0.01954992951109928,0.017682721875733363,0.011866268590119482,0.016365847161275388,0.014232220193434293,0.02006351465874304,0.02681524227043422,0.024569844427222293,0.019808438865543305,0.029601909483734243
0.012425306287676676,0.030362495742321874,0.030730275150146105,0.026326407922160178,0.02219527201952881,0.014259357695791465,0.01289835903179836,0.01526628143255424,0.01681269405691279,0.02197336683958518,0.021596311334020235,0.017069884893838008,0.026447263560929704,0.021409636717423616,0.013031825995659177,0.013592692974537387,0.015177148415079583,0.012415666040577939,0.010437874186110923,0.010019726205101767,0.011523554194831325,0.019849566194228202,0.01999932404921141,0.01603992594719152,0.01267779329242612,0.011608101010068126,0.0075523989294084895,0.01587679972940489,0.01612822289192723,0.02295419044945943,0.014794354930003662,0.028843733236323714
0.024942586625777103,0.022866370664719814,0.015740199622957647,0.017552473363959983,0.029946718261412267,0.017990548203211165,0.011130417803919927,0.01891303389738672,0.01024083506227706,0.018140980788469,0.02026244411224556,0.015649884266648723,0.01793319832196637,0.01793442020756539,0.013782876892023472,0.026706348101913843,0.02494160812304309,0.02564697032370093,0.013629576805516321,0.0159308836480264,0.01994522332262392,0.0326991101893805,0.02535347114025101,0.021065839080773557,0.017023849504283938,0.020424040029115798,0.028754821648706373,0.025825539894179853,0.025240885356845797,0.029045921528742358,0.027987209476583844,0.020132906838179154
0.033135697728326405,0.021308022064843578,0.02043292810186945,0.018747878736259844,0.02948167041116005,0.02648465920786073,0.031597791521371085,0.025654462789943676,0.023960364010674966,0.032806022156709816,0.019817700833606056,0.021911516597216418,0.017498474497802344,0.022301038371390906,0.021010270910827723,0.031041141578053304,0.02561942475753814,0.023418386914075173,0.023119729521553185,0.030816856556263813,0.028121337678583602,0.042599162706190255,0.04144167398917451,0.0243311504568493,0.012244404732000789,0.012401943697421399,0.014183775856676697,0.026884348493571273,0.028520576670853642,0.023380856004638552,0.022633097457324624,0.025544897432379147
0.021216238420421932,0.011842678260328632,0.021775456527954158,0.021135697196437687,0.016559378197523112,0.01210841677900758,0.015384527462305553,0.01681214340803383,0.012782177589638713,0.01611292817731593,0.027845112849310683,0.0229780334749493,0.025467513388632887,0.015290201994899232,0.022150943896002577,0.019443171621199472,0.020887427374939548,0.023751220065523337,0.026736147855899846,0.01893800974162668,0.017649864769765954,0.031059666582081074,0.02928309046729615,0.024618909907519557,0.01580338327484296,0.014064009008549417,0.014805434562866301,0.019763188533537715,0.01494939845352065,0.010278165748382646,0.012663932341665915,0.020291944482700584
0.012363913554936547,0.03015427874358685,0.029114819643056643,0.026792982406866856,0.025498129075002124,0.017031493443566626,0.019046008352557837,0.02712069116968356,0.025714964976339842,0.02910329260641356,0.02065555480663062,0.017279506422551532,0.01892869483413117,0.026741032206703534,0.025320107201615198,0.02491267983930107,0.020397139719075755,0.01898800261234864,0.01896188494748584,0.023189876924145682,0.021283569805120018,0.019870343197299953,0.021662245798712128,0.018718977199959633,0.018117307631944572,0.018280723312123635,0.019183072509110635,0.015810539276894024,0.01784478678055917,0.023703108248249026,0.032144806520933544,0.030247136903698537
0.022441485563109424,0.014478458195854287,0.015492792027511092,0.023679559478508735,0.01988836400233333,0.02151828529447801,0.018571980475859055,0.017901460386931283,0.025150948736169753,0.02312730249413909,0.017070946228790827,0.01921933310369945,0.017023509655921875,0.018801309929026757,0.014956627242777687,0.01777688057510649,0.021156728204805863,0.01820440379831152,0.012987896018971145,0.01634321937709454,0.020354124000831485,0.025466300976664833,0.025405623089162496,0.025134432703436876,0.013872392806102111,0.010896319816113735,0.013040560253640148,0.02413925856523215,0.0202078192677195,0.018263265056368976,0.011130226100906526,0.008194816462314953
0.023710224158809037,0.019068405980553496,0.010996224593717031,0.009116809255889667,0.014265326752511359,0.01921020547565072,0.021101169983847055,0.01670140709127492,0.024701486931638376,0.028613200493345196,0.023826381027889747,0.02151189401356888,0.016570443847224742,0.00993845659612568,0.011396468136178341,0.011912626819194113,0.014080040682572443,0.01259486612687132,0.009661576869159385,0.010482283147730165,0.011831353746584863,0.01534467003937946,0.02030715427729009,0.02481156497022259,0.012747160810552171,0.015511123923178823,0.017595742737745147,0.029699842063194086,0.03267638406092693,0.02680204728765194,0.01905705520878705,0.01647229256850332
0.029749822271187516,0.011671512416020564,0.011562899780428999,0.015237885103615003,0.017094460540637065,0.022689507200935755,0.019750527585508278,0.014060307241755481,0.026478566282862315,0.022739874329598564,0.01453564840549842,0.014601837181804184,0.016093332181791677,0.019337676269054534,0.027476303951140136,0.01845924988018343,0.015513532567001031,0.01516449294302617,0.017701903523931785,0.00903338093449128,0.006228139920522216,0.011211909767723056,0.014144858864988298,0.009675111547019425,0.013583785169222706,0.01599652425417746,0.013083220741977517,0.015228308992741555,0.016070511165875375,0.017051613897431733,0.015102677438044802,0.013062144094469262
0.03429056015589768,0.015755314828325498,0.023139343485812983,0.024958891335257,0.03643586019094205,0.03242061841269155,0.04337997219005143,0.03609207818370046,0.031187152766855283,0.031945448457875406,0.022209777864083773,0.025698764601833523,0.022994357601634187,0.012784741922736684,0.01142248722496894,0.012912072925353464,0.017316150517245096,0.016549831549609057,0.020238442758324784,0.02475945933540618,0.02947843993886456,0.03463481801646456,0.03436495610977101,0.031230995858019115,0.014027609831491893,0.022754947376405474,0.026400307058085295,0.03213859495346796,0.032028783022263814,0.027151931113292758,0.03309636091444064,0.01739620514869635
0.03795791007323612,0.03806529910842625,0.02535682793817563,0.0228704685389702,0.019628261746210508,0.03811929485927165,0.028213356421200566,0.02464752780933228,0.028756885257582524,0.028811219584917967,0.035925241701144535,0.040798674765372175,0.037448650657577034,0.037558179242054186,0.03131907348330346,0.03709907609527932,0.03002059368119244,0.03259120318592055,0.033376122587002476,0.03405511729621203,0.037937102429246305,0.042933508548564585,0.04369474147167941,0.0371867358102005,0.026750434387442776,0.027288217219624895,0.02999625261079095,0.03535761208414303,0.041177204086380745,0.024211849463424154,0.027610124503911294,0.03706118822131569
0.028005826409996323,0.03261108332846167,0.014277954993058707,0.013869355663266069,0.013200951150695537,0.02969353668326987,0.021864198056368724,0.009881439063686992,0.013411633338476493,0.013080104010516926,0.011763668741462388,0.015960429594939294,0.02353013188871002,0.027052316159232422,0.016397966275334647,0.02061424684606365,0.02617828480620293,0.026823646887174608,0.026611572899125722,0.03113470126449319,0.023954908318733162,0.02170024274810692,0.025421656537331097,0.029055257133653,0.031074648935129685,0.04054186443434729,0.04528882778483621,0.04457765096931699,0.03809216158809321,0.04356993149010897,0.05397414498359924,0.02389635352723901
0.014887931914054619,0.026293067146534142,0.020235703259284418,0.01987700091073005,0.018345902952515983,0.02342236044864218,0.022774145451240877,0.01984910940725612,0.024610136336167234,0.019219937378918812,0.03170315144111621,0.024184968220525842,0.022950950099216442,0.020119198290812716,0.0253964026932284,0.023074219223728615,0.01931340913414242,0.022436470712899153,0.023756948268594102,0.024366395431021662,0.026879047861215755,0.021326803373885962,0.01714354483263691,0.016471543583626763,0.02884941941994125,0.023397605478030995,0.02599277062880747,0.017413289030102946,0.020924670639094572,0.023613064003667514,0.015749095105091936,0.01715246240464652
0.0162764961960763,0.017886066916433498,0.011994942659395144,0.009963316688844545,0.020787776823341687,0.013999577206505884,0.019009333983444756,0.01779065181932309,0.01739478390885449,0.02162247806052419,0.016692850654985467,0.019906252200742613,0.018728203673341392,0.010558008520946635,0.014342162769997268,0.014020469589868795,0.01570964773779321,0.014565684482121978,0.010133315048750743,0.01152240154942034,0.01387907062734225,0.016392355476249443,0.014929461385554767,0.020690847164655586,0.02201110322706685,0.015816574060935142,0.01786996643564651,0.022458042576324357,0.01900560574498022,0.01957319132815803,0.018233581416637504,0.016495317717547333
0.024803203130998947,0.02425890754346871,0.025611030675436897,0.023533590727010282,0.018349663041963386,0.020326318921736357,0.024395438568223845,0.02387988569993253,0.026735280443776578,0.0360109504096625,0.02674840373905862,0.02411447119181674,0.028957518909895303,0.013088991866518691,0.016277096681331156,0.019559771377571273,0.014690292408502826,0.019236190626954544,0.018669837571678873,0.024968380293610877,0.02491938159613787,0.022617581813225426,0.018800939863528078,0.022217022929317747,0.018097310423798342,0.02101142063181197,0.02188235712805408,0.02369625446650187,0.02071235907789232,0.021132385867716045,0.03170789715840205,0.029911857256952182
0.013314064321675114,0.025107441047961043,0.03479692154891612,0.034921202295321606,0.03603955156164448,0.02527573178187588,0.028361998202268205,0.0273347980391269,0.02029804086484245,0.029747331161341824,0.03425187042722025,0.029558548837571294,0.026905635682121593,0.017432038357703617,0.021884434348743844,0.012868467279608702,0.012809699713028628,0.012936270897912744,0.01923165829363824,0.016481254189364074,0.014220311224058738,0.017655553206770383,0.022641677771937225,0.015004895097853705,0.017251845446817928,0.021575341879973765,0.01945395799694996,0.02062872269979706,0.0275387685076326,0.029065124768101625,0.021230376278684546,0.030324587297395456
0.023183877624757165,0.014209769320423338,0.019187252132961696,0.023990880823899087,0.013516767374535088,0.013830064811449673,0.011033344134311935,0.010340560824152053,0.01725152186134982,0.01110154318511493,0.008326756983592575,0.017931462609260658,0.025091813875005756,0.03174303690931286,0.029345166133585794,0.026930560123970226,0.0260770619268822,0.02612923846820064,0.01478730819225771,0.03864500680098908,0.032801036353430055,0.030732110519067973,0.025003778659703435,0.019886018860702136,0.02299456376528857,0.01909833336775862,0.02424110766067455,0.021319683906614574,0.014011365669687584,0.016784214058754743,0.014689916765508921,0.0184977773349634
0.015762374815394355,0.019337588657465342,0.014068142525590143,0.012603385850105115,0.016288919635611004,0.015626680715560677,0.0165255666163705,0.021381135175090486,0.0248551773688339,0.03151559554253939,0.019156589953900172,0.01783258110766136,0.025553747215176906,0.03107820788263218,0.014728021123723355,0.011928738086392847,0.017167704399991195,0.016993596023990237,0.012822344120526814,0.020684014288298847,0.02775441376310728,0.018131084122959214,0.014612839114495842,0.024513421427148914,0.038025909583855946,0.032434804733994474,0.02805045790310958,0.018677974421215857,0.017629188992329615,0.02174788807195113,0.020199031005593227,0.014140956832979319
0.01891034034990189,0.022937588962683383,0.034626434072980126,0.043888310850212615,0.025428857576083784,0.019407188300541427,0.013181730833762291,0.01822152534009039,0.03236167796289323,0.018252309366984406,0.009815441327510128,0.018223226040896767,0.014668076505484637,0.014195599294827891,0.016658800831533056,0.011467886621771605,0.015013779452400554,0.016688312020900778,0.014099542222574557,0.016167700817335307,0.012134468551721622,0.014986024391764203,0.018584011497127323,0.023455859590391828,0.034866033912101406,0.02717327932776862,0.0188974719541298,0.022734269908283415,0.01918108790637014,0.01638033936381966,0.01617262067575072,0.03274265345805967
0.0223475000890391,0.01515313651551484,0.01885307638587383,0.01851429855958047,0.02042584184008937,0.014459799447714075,0.017158006762173685,0.012206456612745024,0.02182391251569292,0.012655527671333783,0.011916566231537565,0.015342957588977009,0.01594765869031827,0.012698820953277878,0.010323406377703273,0.011708885770028475,0.011154935079603964,0.00997076222155534,0.010249368020787903,0.013769287645076867,0.012303703919165366,0.007298070143107735,0.01017542194972473,0.005765567402380744,0.016193134510766635,0.01812060130650452,0.012434048345874676,0.010465850778965557,0.01390213772956546,0.012596856311210809,0.015431302580970634,0.018755411635844255
0.018327814825997765,0.016746910832206162,0.02197062417554136,0.01909305572268232,0.01923577987873066,0.021342891831052365,0.017665054654674796,0.01458017384999409,0.017822101291904008,0.011592822582076667,0.014042017623183361,0.015363041882020702,0.01714551878587681,0.01563202293100262,0.022624551692004592,0.01595640290037948,0.016758518545135433,0.01771012396916736,0.0227653778000658,0.010351169986895144,0.008493861880306599,0.01906982898524414,0.021912969362634503,0.018277364797746998,0.02321261072131,0.025426435623356156,0.015422480963283006,0.01622083804201159,0.017517484049235928,0.008788965650426498,0.030802296228431184,0.02962374663080521
0.014060250016612716,0.014746665631716492,0.014335067239251145,0.01719757237400185,0.019438866959626804,0.01311079093086961,0.01661115622093479,0.019333318540192535,0.01478959471980833,0.01688866620914722,0.011964408489638447,0.019228410615368206,0.021157489221677386,0.022027219464824763,0.018236119149635986,0.014361311516333524,0.014053580922205489,0.011768690235681844,0.010144203139173897,0.01979967731792713,0.02184199548422267,0.023823398315192253,0.02003718531020871,0.01795371606121293,0.02402673651070877,0.02932140739523685,0.024983885667382917,0.01100525116733141,0.012497576863497608,0.02625539488973186,0.040212412603211574,0.01423686462175162
0.015257942643720981,0.024475680161536634,0.03752878756703359,0.03011856219868732,0.018081919915590317,0.019265941747312904,0.020609917233858924,0.022605892128344872,0.017810449820511966,0.0268651575180439,0.026406887161500008,0.01656035127596451,0.016646636156101798,0.01998036229975419,0.020446681330462263,0.020970117760644877,0.018270973388877915,0.011358601458740788,0.013145889678714691,0.01086675581134404,0.009036485598272755,0.021274903213487992,0.022064986345804182,0.01739295573592831,0.00985045702790914,0.010108723178175627,0.01249860294294995,0.01712766441978674,0.02295910435974852,0.024542087607204367,0.026040356054429597,0.0327274569781366
0.022833518115094098,0.019026494619196387,0.014170156739596235,0.016946116008774468,0.01975070042971804,0.020370835880441023,0.015419212663789147,0.012568052143126509,0.030843181403369807,0.015410301823418243,0.013484828360961378,0.017748317635413527,0.0140882365052758,0.017086622921099335,0.017608221281502717,0.012600066361928544,0.010590719672270016,0.014862958031345826,0.019901935551478765,0.023837744628641026,0.02445576580040535,0.02007673030462511,0.01771996891788101,0.01812778272399105,0.03169008588648608,0.030943608647578016,0.020778456269481566,0.014919158735094496,0.01633113878696765,0.022997074615321748,0.024103290206533373,0.019214305140899966
0.021388650099591216,0.04118459700597661,0.03470642743844745,0.03465557376049892,0.031025358921395022,0.027210431305922676,0.02582993971057866,0.026969745768223936,0.02676102953798218,0.02128116477285113,0.01529606167410954,0.0277287985344276,0.028666989574092604,0.035118935139678356,0.028707444029074932,0.02700475742294998,0.025011724647505087,0.028236932028576783,0.02548915177289053,0.025507612037701903,0.029570422478131828,0.035953131617470956,0.03384721824615564,0.022451057514527122,0.013752758355161281,0.014251253870317736,0.011674578827722881,0.024569316978708185,0.017726454471610625,0.03033908316268499,0.025052915719532914,0.037459867668490625
0.014036803586668142,0.016636630372594434,0.0135648847305367,0.012265643710810606,0.016327761343386458,0.02415276051235451,0.022089158856039723,0.018577192538531753,0.021844768050617268,0.019276084538928862,0.013638862417083718,0.011322459832966167,0.012905097677734205,0.009006151880165493,0.011539501641873584,0.01575370658828716,0.018033640272870757,0.014876987214245043,0.01460837965281879,0.02108536498986358,0.020412677584199367,0.01886185291585461,0.012296151069954532,0.018604596153068573,0.015908022570356502,0.00967770120982064,0.01825787796154538,0.014102648906726167,0.01861658748671399,0.021929985043344286,0.012919125646842671,0.023581185674918067
0.0182925854328932,0.03583638240866042,0.062272550226834436,0.06181371589719823,0.044308881803382716,0.027234035870055472,0.024667087234994056,0.029148318849168874,0.025856654977891295,0.0358617909564793,0.03398601915894869,0.022998283928673282,0.02066225659625837,0.023838611630458754,0.0173381849866766,0.02013020036796186,0.01711992764708483,0.01982903518618458,0.02182803205230621,0.021666491053347593,0.022049888200031138,0.025104551043500265,0.025324637163782405,0.023474480071995665,0.021149306749018593,0.020389598462087162,0.023605185607344693,0.0305113011243727,0.027216702220889243,0.026157087762614228,0.03737869945428733,0.049447011204967875
0.009780409476162691,0.011089476579858516,0.018288476193036404,0.019696396181583954,0.01170934627759536,0.012566099566242713,0.013611000924668512,0.016098800951625747,0.015615895388612484,0.020269010227191665,0.011262168565164106,0.009507212838034696,0.012081621241086993,0.014598749926168159,0.014028529342015249,0.01577577522267546,0.01383769386235876,0.013374696302416689,0.019487890357840498,0.01610852856737649,0.00924994011915025,0.0075088505912897655,0.008793700747735743,0.008103262132673695,0.016390898479543163,0.0175284381469079,0.011808240455002677,0.005585225991252702,0.0048851559958844135,0.011764245778970277,0.017035159516758287,0.02092181443291974
0.014526878119598827,0.012798089968386413,0.02150471486423473,0.030987133127540024,0.01991130856253129,0.019618544988651468,0.02118271649839499,0.011869308028919062,0.01841708717863366,0.022432169165615936,0.01849349394446681,0.015012672631804024,0.01701557314731453,0.016441462495951176,0.01780961428798689,0.013453760746544878,0.013570647323986789,0.012413467749778329,0.013689037585131828,0.01075516582662755,0.00786691084114978,0.010231174408296398,0.009296902093881032,0.010921106549768784,0.009645079288308277,0.01359615439112561,0.01496346869782581,0.022747482405090468,0.018229177247456155,0.01459140920787152,0.015666422348203653,0.02141908736965849
0.008643515696583498,0.021478714804084198,0.03080045684037062,0.033206626540187745,0.013318630376658657,0.010260113350107054,0.007713887425169629,0.011955009161134626,0.012567951795284565,0.015963632743718256,0.007121851233626412,0.007509018577402931,0.009012524266745214,0.006754386225918637,0.009250870464437823,0.00902819744222389,0.0083758966574992,0.010782301818526234,0.014708293990017121,0.010962478119691187,0.008822302435720996,0.006861826745534122,0.00588054524771201,0.008301739362376954,0.014492275003636203,0.01761903656326976,0.011895351501996592,0.007740670297552634,0.00956750485952926,0.015510378412725144,0.019436472843955804,0.032035928846428315
0.01268678158944976,0.03335822291732891,0.03238636524537948,0.02959020950881812,0.0252846540442823,0.015783427998537422,0.015833365790109175,0.010475627687081325,0.009308189405315354,0.016842166468941815,0.022359138085253402,0.020350016587562327,0.020526181965502047,0.01675538764230247,0.0095624915163787,0.012822555516048474,0.016750324757220963,0.017182614868966203,0.011035922000080781,0.011115818045175651,0.012326009043810673,0.012522486311782316,0.013857809478133951,0.01162464893914265,0.01316087446837726,0.017373605007158215,0.014853768874225327,0.017764715139564118,0.01627313394660494,0.02336234778332369,0.026335131450748908,0.0404478858479408
0.01862998328463384,0.01585707361642987,0.015446259001192335,0.015495759156818141,0.016275722456482178,0.01829664143670662,0.013875897669985895,0.015874270656823123,0.01980788585245428,0.018533385072531643,0.02066058879739997,0.01924547875057631,0.021773591500716807,0.011132067288983177,0.00551458208234879,0.011960456109598257,0.017328946274762006,0.01414906967342947,0.011210145262645518,0.01218010826314109,0.013566744757784426,0.01949916943486634,0.015118679221001163,0.014598927938941433,0.014951305784262207,0.01194957427914226,0.013488857072795441,0.011282164252348298,0.014628242305986737,0.010444878854203447,0.011758788920403634,0.010227150359297464
0.012400624724847372,0.017132102371458128,0.020781341608520215,0.021379348587909786,0.024851142857393534,0.021662394119411652,0.02759516504588633,0.019113715320111926,0.008878659472676471,0.018481794554996073,0.028801073163328937,0.02862771817065399,0.02751834944105883,0.018488985426025117,0.012982952688559618,0.01298913480170907,0.01924083207435246,0.014232287134395241,0.011506401793766382,0.013169876749872434,0.015109056687237651,0.018649330646906177,0.01736219250534069,0.013576421762859715,0.01954002682172728,0.01465365319377925,0.01755863425169476,0.016516087558928333,0.014546577736837478,0.019453262790201334,0.023071626388952687,0.028543066571226877
0.013612089328838574,0.015600890096919597,0.025138185540202238,0.023100158099755564,0.016957617660647444,0.014555385079563226,0.012709392124330178,0.016994536049619712,0.021810831841787094,0.02863415712018004,0.03395536294093564,0.018701287767414594,0.01690663753810924,0.019055638071983676,0.0342684947938371,0.022276725306946944,0.013337109056520606,0.015441522057954831,0.02116684510296642,0.020009587769802634,0.02103094847051976,0.026492864949112748,0.020953057747580994,0.03168661349445332,0.03325777808593863,0.033384343721861734,0.02124196914007219,0.015460813118128759,0.018176080643954883,0.02206944916193684,0.022563908336369343,0.03260379430348128
0.02479199380188327,0.029038644695567137,0.025759635155797943,0.023569100987621844,0.01901872883668476,0.016949551150318598,0.010733616271209473,0.01648849981564059,0.015272700664705234,0.018349209871021534,0.018264588453270267,0.015607401020116313,0.020626723108955785,0.017818880469051418,0.02154654072035628,0.021909933349919797,0.02096819650637775,0.030334489840981953,0.027775772976087378,0.02757165871262589,0.027977867766909286,0.02203912531026667,0.02251185744461193,0.023464281102086145,0.025022716980467798,0.02139323608512972,0.03340837718068445,0.026145985604808863,0.01894649579818286,0.018659765450714315,0.022945322843015575,0.027841061759125103
0.018748960162490762,0.014705053174703667,0.01369943918428599,0.011586311521123301,0.011346940408109994,0.018953207419656354,0.019120919333960026,0.017200345688897053,0.019087218783032614,0.025132086098657976,0.013973413029368458,0.017438699550237847,0.01606250612739615,0.018018537360465083,0.02165400086751717,0.025150406853377123,0.020134573813178597,0.016408777957094504,0.014863432566752743,0.01995117642876684,0.01672734379559581,0.013865101923868025,0.015116250489293798,0.018502862436321228,0.01930015522417391,0.019345727570479213,0.02055788117116347,0.017102379008314458,0.01693339827883571,0.017242420541509137,0.020824514395133626,0.01833683746581781
0.024471343917870734,0.04518041133939796,0.03717385118655106,0.029867326214752996,0.02951902359959785,0.03374364283400912,0.029685471781559697,0.022349283526359672,0.010542324075865585,0.007384702310782314,0.02852469190432521,0.026036264096102154,0.02778865382984171,0.025108518559888316,0.020527382842539774,0.026118269567940097,0.024033742391059962,0.019048975770998625,0.015709683771617928,0.016496461863003166,0.01974557161063788,0.018167468258348717,0.02211322342120146,0.018785441183463498,0.007330236130381952,0.007958443169634764,0.015719092907891564,0.022804249601299977,0.02813639045167506,0.031147139736198707,0.018795462747978445,0.022187254318006767
0.04400326460088318,0.0169814211356568,0.013459010749302504,0.016073892479917917,0.011649372731159046,0.022435771161517647,0.024238655853982237,0.01639802205706345,0.011393391941280365,0.023243119662614095,0.027443644986174156,0.03637307876086508,0.03342859315587535,0.026688698426829926,0.017159137479926992,0.028552258402797827,0.024726477881441517,0.025839292614782728,0.027987018934439212,0.023319618627319263,0.022832219682856137,0.018704637642628797,0.01928722595833351,0.0122901171556214,0.010618786429070267,0.010633257630876686,0.009889773086145822,0.01047588055320077,0.01356213332994406,0.01797992848881464,0.021223624729774276,0.008820318813807859
0.030670107942527874,0.017839506634963583,0.033517497012530775,0.03782920423216254,0.020757531796715602,0.01798728311866159,0.020447210137125964,0.025779726064717505,0.02196856057114902,0.022123403433440863,0.02525819020084524,0.03411726924724934,0.030719303435401323,0.026382160428214348,0.023031000214862794,0.034170390454497344,0.032574776034133064,0.029306516856190016,0.015185243264437811,0.020347631554996234,0.02883532086478787,0.02583048703691214,0.027380018548068496,0.022854186160852462,0.012244799299687017,0.0159233975131365,0.02692469209425703,0.02591603487966097,0.022915497974359777,0.021754079461944846,0.02509460025442234,0.031477208585683855
0.01137506326547051,0.025443760447434936,0.027886529804809178,0.02697404675509869,0.01755696252410372,0.010526655989425968,0.014474131435121244,0.01493722339437589,0.012616024845784446,0.0162289737144172,0.020989934626245196,0.016903734895209067,0.02157726800296247,0.022418471102451043,0.011788676941478306,0.007668307844689199,0.012486813327549164,0.016749307893902582,0.017966199536551458,0.020542148228731672,0.02349269418293485,0.018098412205434077,0.012717619971731915,0.017338018561644238,0.03276239706543474,0.025713215606920015,0.02367247617182528,0.00947579389534278,0.007037570411554886,0.01510458327379887,0.02594068515667848,0.025635307084585543
0.010748328413461246,0.03491780052917572,0.03836071622817112,0.03963652891860287,0.025556297846020537,0.019120178962430415,0.020210887589457507,0.024762802884284233,0.016031326654675902,0.011770873480740357,0.019009059604767668,0.01440302038534616,0.017794937486299504,0.02089454535815632,0.014978149716246074,0.017420865102461325,0.018049791273732397,0.017990862243663502,0.011015343119791611,0.008413428775408441,0.010722748496566266,0.015226016499952389,0.01335512800266423,0.013980024350600312,0.023552659563831815,0.025603868987581553,0.016483077140799402,0.014911595020803968,0.014484553501092344,0.021288278563119243,0.030700375192247793,0.04329918947875646
0.028729559673934268,0.015199223146641292,0.011417126524688093,0.014158588881236351,0.017099777334383063,0.0265603064675681,0.027392012741881158,0.017975558036632432,0.021620402061463158,0.02473586396252914,0.03284352173150271,0.02289279162437028,0.026192999916907826,0.04026866456635367,0.03316219562209723,0.044244873812811975,0.04105812772610637,0.03466992953051372,0.021786900674622526,0.020539722907587973,0.023815789084131934,0.0246226218739129,0.02478162216801864,0.02178151203316571,0.014499159990676384,0.014798480984061944,0.021869790687464318,0.026852580370806508,0.02576709478821261,0.022476075846228263,0.020832080244600013,0.021167415797079734
0.022942357308932314,0.02623304686716138,0.022803342160012053,0.020170938470524216,0.01901494787051349,0.02787076770992976,0.026003406744510918,0.0280821477441344,0.028872333107216784,0.02416161203866367,0.028856789937926664,0.03736885049652775,0.04002940894813218,0.016339727612031032,0.01270491445467804,0.02319451570616394,0.023215439201774702,0.02703853328441173,0.021651407645067955,0.017439575795493118,0.01669843329102722,0.022367910320378652,0.022204105164270516,0.019093784186643713,0.011392564024898138,0.013379538189916315,0.007737666406038837,0.019658709517891833,0.02383009433960144,0.014471516055691306,0.01538325279011249,0.022146413533076566
0.026775389796941242,0.017486988292437812,0.030976648931026595,0.03241960513257606,0.025265887088368376,0.02342784772958503,0.021947484125858112,0.013437484931126353,0.01521521228651525,0.012089645395414236,0.017785630071177106,0.024569427067349853,0.024161502146025488,0.020577148421398076,0.021005387286543442,0.023569064362995187,0.026602367951208968,0.022513037102516738,0.01961104563606775,0.016502693897344423,0.01964833448354985,0.031380698117470046,0.024070896062205603,0.024844202282411045,0.013367812247828152,0.025038769417480816,0.021652575741795042,0.021184438369471276,0.023030292286550635,0.022867116221415934,0.014685862549462957,0.02941917424491475
0.026543929993691213,0.026318488213650314,0.03421275531360867,0.033029693736803124,0.03299885082742468,0.03346326062731099,0.02917154317816104,0.023515930449645082,0.0317680554425078,0.019945567602285632,0.032774697123856805,0.032549882327577224,0.03383951723386993,0.027600672946299323,0.016250491601276937,0.018771759469554183,0.021414813859468543,0.01965954543709789,0.019390836007452457,0.026927734111913945,0.027792623820512848,0.028211536443068605,0.03450996290070813,0.032641324025829865,0.01446330124219812,0.01487226736943252,0.02982171204048142,0.03795822135149962,0.03630106333425282,0.028623768551480615,0.01891160286209426,0.02070123814298664
0.020222095117651596,0.04267732408350132,0.03929220612093929,0.039580555003509876,0.024253632010622982,0.021803867121268028,0.01922636973315059,0.018947478050143945,0.021130984456820635,0.027269636088699468,0.017213525937177336,0.018623724053927048,0.01821978047342818,0.025735447042117172,0.02508667757681623,0.02291122461072329,0.021456168948082433,0.022456594568826874,0.02080359905801762,0.024128744706206295,0.017051517823139246,0.01951444612562274,0.014354828281544267,0.009363365192198776,0.013119697662562636,0.010531066634937032,0.016132894731706326,0.01977824643788847,0.021695008638306503,0.03992940719328981,0.040136007682853025,0.028965571041549714
0.018705759209795683,0.012703830304772228,0.011370138040378003,0.012318461308681023,0.01836250050483349,0.019298625092735337,0.022392520318647163,0.022466871579168705,0.01967124089754839,0.02517745764753865,0.028631607385614804,0.024142420865293147,0.027347882879092855,0.022801389404416384,0.017597230789705074,0.028880535046827922,0.024010599848588204,0.02664119289982151,0.024653536264730474,0.022740938174389425,0.01907266392027593,0.021510601824520026,0.02549916580601443,0.01923881231064726,0.021551775366651375,0.020132727443002648,0.02230880404005886,0.016872033779826344,0.015407766077693587,0.01877220474238093,0.015227079057512931,0.013817125190190429
0.031497250016602675,0.021663485610134724,0.02159271977615528,0.023556958166040146,0.025263338490559787,0.028112724445222895,0.027601892623841284,0.021447251104149297,0.020472696062933775,0.02713677116368571,0.02383378816074413,0.027071457481550085,0.02481574500448839,0.0256569508261769,0.012514682961007297,0.019863700378095296,0.021175624480434117,0.01725543911550469,0.012494181845823089,0.01219894654445425,0.016054067128838882,0.019154698319919804,0.01824161122508913,0.02180523540036126,0.023338707364724622,0.02846015489576857,0.026547441113403174,0.03376996295975388,0.03358538111963661,0.02573626323672442,0.023914566521692437,0.02462246728836467
0.02651090313957446,0.03526288610527516,0.040659252430758686,0.04279914115864197,0.027864550351967783,0.026908433030580433,0.028232933273541472,0.02485652356188063,0.02351936076557707,0.03421974346653087,0.025297141062115034,0.027493758491365167,0.02779134601472229,0.02367264560155355,0.018882560917317524,0.016422536124788067,0.019565410254694493,0.01681861066994896,0.03409210082112324,0.03067623126079415,0.017293570241478255,0.020968800388387082,0.024577221348900422,0.02858021616162391,0.023967714612713173,0.023585888191189137,0.025679729970836104,0.03782902429281975,0.042106894680193886,0.03437597371726282,0.01989350794352437,0.025427726262406688
0.011687540001963618,0.02927628920611867,0.015841496804216745,0.012910298315730498,0.023000555190668164,0.02524933848197686,0.03309939866036356,0.023309801769985535,0.017163744221462798,0.021158550638877387,0.02133578513893442,0.027193006167823008,0.02304237020465528,0.02119502568218273,0.01996937696714679,0.018414326069654374,0.020458425209425115,0.022967678506465403,0.021247844475317548,0.020102222398145516,0.014512555613838154,0.015183590272767394,0.013310339361333625,0.014554628592742168,0.021171906506966775,0.011915428371346381,0.01730216619680107,0.014550273393313598,0.023203788099947158,0.030476093277261328,0.01266039525747972,0.011394574418888331
0.012277891873262677,0.00778911939338455,0.011334968037810244,0.015265433373715767,0.022606990487385546,0.009745757317803885,0.014304803224193361,0.03264512765904053,0.02648741031757588,0.026974093148517068,0.017872740895011324,0.016313528125188943,0.01565184549583742,0.0270706523456139,0.028080629920277912,0.03068798717913787,0.02639559796156212,0.027388787241083533,0.0330787808627984,0.030150177105727923,0.01957787988273798,0.011503814894749288,0.01056995660374053,0.019247334593769042,0.027420113701836776,0.022467536424421845,0.011929277628273593,0.010991142099097405,0.00785745771082786,0.007982640112271977,0.00750901281843588,0.014857964667060993
0.012349492995696485,0.012534264241170169,0.01708617189464448,0.02091118932235911,0.012490421650676339,0.012401670259499176,0.00991779335634391,0.009102622958342481,0.009225490450747414,0.007262425957376017,0.010702792019494417,0.009530287549814803,0.012508386252164919,0.010370255812141542,0.007545467928941467,0.008516029229659425,0.010065615960457294,0.011428780800046725,0.009822813362369263,0.008855900522929575,0.009748837721475561,0.010231520432935444,0.00908821040185288,0.010480850355693848,0.012560795663620197,0.013584131737349393,0.009989503056202432,0.0075736494833424615,0.009668164125172806,0.013648194179253774,0.02541248410838025,0.024319774091819978
0.020477554086375718,0.021068923048015827,0.01673415155307707,0.012993944717329937,0.017189223300867196,0.017444438650782382,0.013401734834323248,0.014087680539918226,0.016557580309614676,0.020531099008124935,0.02442825386085304,0.018326797270551483,0.017250007844921693,0.016146833204637032,0.017115774134495176,0.01743562200266706,0.019828202436294972,0.0179532286264592,0.01806255235416986,0.020175649850114576,0.018479156075245126,0.014198124437164483,0.013427811719543421,0.011498033348573734,0.012350541414568582,0.015494167198307686,0.014483941734554966,0.016594786708030346,0.013833671920521715,0.00866350332567985,0.010044420165260318,0.019246059237933415
0.02763091440371963,0.011811400461841964,0.03246866965733014,0.017449965176642646,0.010250387958335288,0.02530649682250526,0.027142926719404378,0.010886198476903773,0.014290044985756697,0.013398340104261214,0.02290601247943346,0.0271099422382043,0.021138319368771433,0.014535641007792461,0.020524771956921498,0.013865791361591655,0.014778228448190217,0.012164683514682407,0.012875532396281834,0.01320418416020983,0.010531257698686283,0.011739962632510124,0.012764074793683522,0.007318870150634817,0.010796068266295393,0.013293878453908843,0.015884011144433142,0.012942490928573266,0.012062748514442643,0.018064503737322705,0.02303099525128771,0.027185771683707637
